,open_up,close_up,high_up,low_up,vol_up,amount_up,open_down,close_down,high_down,low_down,vol_down,amount_down,T_mean,code
2018-07-06,21.07,21.1,21.46,20.9,267278.0,619393024.0,21.39,21.26,21.65,20.7,346930.0,805107072.0,21.495,000002.csv
2018-12-03,24.22,24.39,24.48,23.98,192754.0,487502400.0,24.95,24.68,25.01,23.76,608149.0,1544456960.0,23.86,000002.csv
2016-04-07,7.87,7.9,8.13,7.8,407960.0,323456000.0,7.96,7.93,8.1,7.71,570909.0,453260000.0,7.8025,000005.csv
2016-11-11,9.53,9.56,9.61,9.5,199337.0,201728352.0,9.66,9.62,9.7,9.49,303893.0,308785120.0,9.389999999999999,000006.csv
2018-03-05,5.64,5.65,5.69,5.62,66112.0,39068348.0,5.67,5.66,5.7,5.58,73921.0,43617784.0,5.8575,000016.csv
2016-10-18,15.52,15.56,15.84,15.35,222075.0,383647040.0,15.66,15.63,15.75,15.23,223431.0,384201888.0,15.37,000019.csv
2017-01-18,19.6,20.0,20.2,19.48,12781.0,25376776.0,20.5,20.43,20.57,18.0,23987.0,48372624.0,19.7325,000020.csv
2018-09-07,11.65,11.72,11.92,11.65,15572.0,18431140.0,11.82,11.76,11.99,11.54,18742.0,22221050.0,11.594999999999999,000023.csv
2017-11-27,8.27,8.29,8.44,8.25,9099.0,7573416.5,8.36,8.3,8.36,8.22,12422.0,10307083.0,8.1325,000037.csv
2016-07-05,36.36,36.56,37.5,36.36,67521.0,401733536.0,36.97,36.8,37.61,35.24,69835.0,408561952.0,34.2575,000038.csv
2017-03-01,25.76,25.84,26.11,25.76,8776.0,36815100.0,25.94,25.87,26.42,25.72,11944.0,50490992.0,25.135,000038.csv
2017-07-17,16.29,16.31,16.33,16.18,3760.0,6221495.0,16.5,16.34,16.67,15.9,14037.0,23431824.0,16.255,000042.csv
2019-05-27,10.31,10.34,10.6,10.25,51852.0,55780192.0,10.42,10.4,10.54,10.07,62622.0,66640292.0,10.445,000043.csv
2016-06-24,11.4,11.54,11.63,11.39,43169.0,77612040.0,11.63,11.56,11.77,10.87,116753.0,209721408.0,11.642499999999998,000055.csv
2018-05-28,9.85,9.96,10.03,9.85,6256.0,6233798.0,10.0,9.97,10.0,9.37,11077.0,10914872.0,9.600000000000001,000056.csv
2016-09-20,6.66,6.68,6.73,6.65,132142.0,138282160.0,6.71,6.69,6.73,6.63,149074.0,155638720.0,6.58,000060.csv
2018-10-17,12.21,12.22,12.4,12.12,17213.0,31038910.0,12.39,12.28,12.41,11.97,17945.0,32063104.0,12.1225,000062.csv
2018-06-29,12.8,12.92,13.26,12.75,1948766.0,2539041536.0,13.07,13.03,13.12,12.41,2114445.0,2713012992.0,12.442499999999999,000063.csv
2016-04-14,13.28,13.31,13.57,13.25,229800.0,311314880.0,13.36,13.33,13.54,13.2,233300.0,313691968.0,12.782499999999999,000066.csv
2017-07-25,8.85,8.9,8.96,8.82,68576.0,63089072.0,8.93,8.91,8.93,8.81,68765.0,63022056.0,8.6625,000089.csv
2017-12-11,8.44,8.47,8.51,8.43,33956.0,29480584.0,8.49,8.48,8.5,8.42,56237.0,48751200.0,8.3,000089.csv
2019-07-22,8.85,8.9,8.99,8.83,81088.0,73054304.0,8.93,8.91,8.98,8.74,84796.0,76152088.0,8.72,000089.csv
2016-11-07,13.43,13.53,13.64,13.43,21500.0,29409700.0,13.56,13.54,13.66,13.39,23710.0,32510126.0,13.592500000000001,000096.csv
2018-08-01,29.39,29.41,29.58,29.39,2513.0,7401061.0,29.49,29.45,29.59,29.32,3214.0,9462210.0,27.88,000403.csv
2016-12-15,20.65,20.71,20.81,20.48,9788.0,20341724.0,20.8,20.75,21.27,20.47,17955.0,37709236.0,20.85,000411.csv
2017-10-20,21.52,21.63,21.89,21.45,3477.0,7556367.0,21.75,21.69,21.88,21.27,4430.0,9685763.0,21.4375,000411.csv
2019-03-01,5.55,5.6,5.71,5.53,1236207.0,702299072.0,5.67,5.65,5.71,5.52,1301905.0,739539776.0,5.83,000413.csv
2018-01-08,60.69,60.84,61.57,60.45,44649.0,280311488.0,60.89,60.87,61.24,60.38,45403.0,284203488.0,61.282500000000006,000423.csv
2018-02-26,6.88,6.89,7.02,6.87,37625.0,30064708.0,6.97,6.92,7.01,6.74,40219.0,32140040.0,6.795,000429.csv
2018-11-02,6.54,6.55,6.72,6.52,76453.0,54956892.0,6.62,6.59,6.69,6.47,182126.0,129372120.0,6.5925,000429.csv
2018-01-17,6.4,6.48,6.48,6.4,37027.0,24380584.0,6.58,6.5,6.6,6.34,123239.0,80958280.0,6.625,000498.csv
2018-06-25,8.41,8.73,8.74,8.35,160344.0,138424912.0,8.78,8.75,8.9,8.26,165736.0,146105376.0,8.9525,000507.csv
2018-03-02,7.04,7.05,7.1,6.99,18843.0,13386689.0,7.07,7.06,7.12,6.98,27748.0,19666266.0,7.0175,000510.csv
2017-05-16,4.69,4.74,4.78,4.69,58953.0,28011824.0,4.77,4.76,4.77,4.65,83276.0,39283940.0,4.6575,000517.csv
2018-06-26,8.35,8.37,8.53,8.31,6959.0,6193761.5,8.47,8.41,8.48,8.27,7049.0,6271645.5,8.3125,000524.csv
2017-08-10,20.95,21.03,21.33,20.63,91981.0,198235520.0,21.13,21.06,21.47,20.51,95840.0,207101264.0,19.555,000525.csv
2016-02-22,60.5,61.06,61.2,60.0,7088.0,42981796.0,61.2,61.1,62.4,59.29,12464.0,76062544.0,53.9625,000526.csv
2019-01-11,4.63,4.68,4.71,4.61,21135.0,10047773.0,4.7,4.69,4.71,4.6,22912.0,10837065.0,4.640000000000001,000529.csv
2018-05-31,10.94,10.98,11.31,10.86,34875.0,39415284.0,11.07,11.03,11.18,10.74,67181.0,75524504.0,11.435,000537.csv
2017-11-13,18.47,18.97,19.05,18.42,55477.0,104900992.0,19.05,19.03,19.4,17.76,82927.0,156276816.0,18.0875,000546.csv
2018-08-02,13.53,13.57,13.8,13.45,15126.0,20707514.0,13.62,13.58,13.64,12.86,40804.0,54345916.0,13.295,000546.csv
2016-01-25,22.51,22.67,22.78,22.08,12077.0,32472756.0,23.19,22.71,23.2,21.86,16580.0,44209200.0,20.1875,000550.csv
2019-02-27,17.99,18.43,18.7,17.66,42165.0,77630136.0,18.66,18.45,18.86,17.26,43167.0,77449416.0,18.450000000000003,000550.csv
2018-01-24,8.09,8.1,8.11,8.05,15983.0,13081292.0,8.13,8.12,8.14,8.03,23952.0,19589110.0,7.925,000551.csv
2018-10-30,9.76,9.77,9.91,9.67,46300.0,45455924.0,9.84,9.83,9.86,9.49,58192.0,56717392.0,10.0325,000555.csv
2016-04-12,11.98,12.15,12.3,11.9,283383.0,514294688.0,12.2,12.16,12.46,11.87,357577.0,655211968.0,12.129999999999999,000558.csv
2016-04-07,13.42,13.43,13.65,13.27,419986.0,712007104.0,13.63,13.5,14.03,13.09,802099.0,1373934848.0,13.1625,000559.csv
2018-10-17,5.35,5.37,5.41,5.32,25870.0,14036690.0,5.39,5.38,5.44,5.31,27191.0,14728568.0,5.3149999999999995,000560.csv
2018-01-24,8.11,8.14,8.18,8.08,19731.0,16056419.0,8.18,8.15,8.18,8.05,26028.0,21106814.0,8.0975,000561.csv
2018-05-08,15.69,15.86,16.1,15.69,29243.0,67499512.0,15.9,15.88,16.15,15.26,75023.0,170955024.0,15.4,000567.csv
2018-09-14,8.23,8.25,8.34,8.18,12111.0,14530794.0,8.28,8.27,8.33,8.14,17838.0,21387236.0,8.1875,000567.csv
2018-09-04,42.63,43.14,43.25,42.4,76777.0,328282400.0,43.42,43.3,43.6,42.36,95311.0,409781760.0,40.71,000568.csv
2017-07-04,22.91,23.09,23.27,22.8,141606.0,368359296.0,23.2,23.11,23.39,22.74,159441.0,415496064.0,22.705,000581.csv
2017-10-30,15.04,15.08,15.16,15.0,32951.0,49763452.0,15.11,15.09,15.41,14.99,71318.0,108529240.0,14.905,000584.csv
2016-08-25,19.84,20.06,20.22,19.8,13181.0,26445556.0,20.22,20.17,20.28,19.2,15971.0,31911498.0,19.8675,000586.csv
2018-12-13,2.69,2.7,2.73,2.69,143931.0,38905836.0,2.73,2.71,2.73,2.68,155775.0,42238600.0,2.5174999999999996,000587.csv
2018-03-06,7.08,7.13,7.16,7.07,18116.0,12898020.0,7.15,7.14,7.15,7.06,27780.0,19760376.0,7.19,000593.csv
2018-08-27,6.06,6.07,6.12,6.03,16717.0,10168339.0,6.11,6.08,6.14,5.96,37695.0,22806236.0,5.955,000593.csv
2019-05-30,11.3,11.32,11.41,11.22,13216.0,14983185.0,11.4,11.35,11.4,11.15,14695.0,16552030.0,10.795,000597.csv
2016-04-20,11.01,11.19,11.26,10.93,193505.0,214996416.0,11.4,11.24,11.64,10.63,288434.0,322572000.0,10.990000000000002,000606.csv
2019-04-17,7.4,7.43,7.51,7.3,23106.0,17137902.0,7.49,7.47,7.56,7.2,33109.0,24786210.0,7.2375,000608.csv
2017-11-28,12.68,12.7,12.76,12.62,6250.0,7939671.5,12.8,12.72,12.8,12.58,11502.0,14600150.0,12.6525,000610.csv
2017-07-06,22.07,22.14,22.19,21.98,72401.0,163673440.0,22.17,22.16,22.2,21.9,93916.0,211929808.0,22.02,000623.csv
2019-06-27,6.53,6.55,6.64,6.53,78648.0,51736692.0,6.57,6.56,6.67,6.52,105400.0,69428912.0,6.484999999999999,000627.csv
2018-10-17,36.0,36.01,36.78,35.65,390896.0,1497047296.0,36.7,36.35,36.79,35.45,413250.0,1581461760.0,35.8725,000651.csv
2018-03-06,4.49,4.52,4.58,4.47,102768.0,52890492.0,4.56,4.54,4.57,4.46,152084.0,78010720.0,4.54,000656.csv
2017-08-16,12.96,12.99,13.03,12.91,8220.0,10659281.0,13.04,13.0,13.04,12.9,16071.0,20857226.0,13.0625,000663.csv
2018-05-25,7.82,7.87,8.03,7.82,84116.0,94833816.0,7.94,7.9,8.01,7.76,88567.0,98306904.0,7.41,000665.csv
2017-02-06,24.16,24.17,24.43,24.11,3878.0,9421292.0,24.34,24.2,24.58,24.09,4672.0,11376786.0,24.029999999999998,000668.csv
2017-11-22,15.04,15.09,15.11,14.96,6014.0,9080452.0,15.17,15.12,15.42,14.74,6229.0,9411421.0,14.990000000000002,000668.csv
2016-11-25,13.53,13.56,13.79,13.46,70556.0,95835040.0,13.62,13.6,13.73,13.36,104134.0,140826000.0,13.155,000673.csv
2018-07-17,28.15,28.34,28.53,27.7,42831.0,120851280.0,28.85,28.37,29.55,27.57,69149.0,197722176.0,26.93,000681.csv
2018-08-06,7.42,7.44,7.61,7.42,22654.0,17802322.0,7.47,7.46,7.53,7.41,29775.0,23326826.0,7.580000000000001,000685.csv
2019-07-17,9.32,9.33,9.42,9.3,252932.0,236527808.0,9.37,9.36,9.44,9.27,267674.0,250542848.0,8.975000000000001,000686.csv
2016-03-04,8.32,8.46,8.76,8.32,226762.0,196310640.0,8.64,8.58,8.9,8.26,243398.0,212541488.0,8.29,000688.csv
2017-02-23,15.22,15.32,15.36,15.17,16566.0,25277000.0,15.35,15.34,15.38,15.16,20293.0,31044000.0,15.274999999999999,000695.csv
2017-06-02,20.2,20.35,20.71,20.05,27317.0,55564408.0,20.49,20.38,20.49,19.8,36547.0,73790152.0,20.7425,000697.csv
2017-02-10,13.9,13.97,14.02,13.83,36769.0,51229240.0,14.03,13.99,14.12,13.8,51799.0,72533336.0,13.837500000000002,000702.csv
2019-07-25,6.45,6.47,6.52,6.45,9927.0,6453352.5,6.51,6.48,6.54,6.43,11881.0,7693354.5,6.4125,000705.csv
2019-05-15,12.67,12.72,12.93,12.5,28416.0,38482668.0,12.85,12.79,12.92,12.45,37739.0,50778752.0,12.6725,000708.csv
2018-12-13,3.72,3.74,3.75,3.71,21495.0,10478268.0,3.76,3.75,3.78,3.69,25793.0,12619296.0,3.5475,000713.csv
2017-08-16,7.22,7.27,7.29,7.22,31062.0,22523248.0,7.29,7.28,7.35,7.16,55543.0,40262016.0,7.395,000721.csv
2017-07-03,7.83,7.84,7.99,7.82,44418.0,35775572.0,7.89,7.86,7.91,7.81,47132.0,37934876.0,7.78,000723.csv
2018-02-26,14.11,14.29,14.39,13.97,308268.0,896393792.0,14.62,14.61,14.66,13.58,444265.0,1289746944.0,14.2175,000732.csv
2018-08-01,12.06,12.12,12.28,11.99,652093.0,791871488.0,12.15,12.13,12.48,11.68,1025272.0,1246746240.0,11.902500000000002,000735.csv
2017-08-11,19.09,19.21,19.45,19.03,77399.0,149388880.0,19.27,19.23,19.71,18.95,146853.0,286372544.0,19.3125,000738.csv
2019-05-27,7.8,7.84,7.87,7.8,13861.0,10850280.0,7.87,7.85,7.87,7.79,15182.0,11884441.0,7.7775,000759.csv
2017-11-06,13.35,13.46,13.7,13.35,22085.0,29801208.0,13.6,13.48,13.71,13.33,32704.0,44224052.0,13.432499999999997,000766.csv
2019-07-10,15.66,15.69,15.8,15.61,82053.0,128842168.0,15.75,15.73,16.04,15.55,130175.0,205784336.0,15.76,000768.csv
2017-08-29,6.54,6.57,6.6,6.52,717294.0,496335296.0,6.59,6.58,6.64,6.51,786797.0,544346112.0,6.5175,000778.csv
2018-09-13,7.41,7.42,7.46,7.4,3040.0,2259277.0,7.48,7.46,7.5,7.36,6427.0,4776659.5,7.327500000000001,000785.csv
2017-11-29,9.46,9.52,9.56,9.39,28429.0,27087636.0,9.56,9.54,9.6,9.31,34248.0,32359488.0,9.1675,000788.csv
2017-09-19,8.16,8.27,8.35,8.13,428586.0,354028192.0,8.36,8.28,8.44,8.08,590113.0,487689088.0,7.89,000795.csv
2019-03-26,5.11,5.12,5.2,5.04,206242.0,105899568.0,5.15,5.13,5.17,5.0,242218.0,123432776.0,4.947500000000001,000795.csv
2016-08-04,18.4,18.46,18.68,18.3,57694.0,107067584.0,18.63,18.61,18.65,18.1,60601.0,111806952.0,17.912499999999998,000796.csv
2017-11-22,8.45,8.48,8.55,8.39,70471.0,94004960.0,8.63,8.59,8.68,8.31,106260.0,142582848.0,8.0275,000797.csv
2018-07-18,12.53,12.59,12.72,12.4,261674.0,330056512.0,12.74,12.62,12.91,12.24,318934.0,401923040.0,12.004999999999999,000802.csv
2017-08-16,11.5,11.64,12.01,11.25,1232066.0,1438231808.0,11.92,11.73,12.08,11.23,1352142.0,1609464832.0,11.1725,000807.csv
2018-08-17,8.0,8.04,8.13,7.9,32035.0,25671844.0,8.06,8.05,8.08,7.76,85418.0,67874904.0,7.8675,000813.csv
2017-03-01,18.48,18.53,18.66,18.45,11225.0,20800468.0,18.61,18.57,18.64,18.4,12392.0,22946296.0,18.35,000815.csv
2019-06-24,10.3,10.37,10.64,10.28,145628.0,151836336.0,10.47,10.46,10.8,10.14,176309.0,184548160.0,9.385,000815.csv
2016-03-08,26.36,26.61,27.36,26.36,55696.0,173815136.0,27.22,27.03,27.23,25.73,69009.0,213614272.0,23.21,000819.csv
2016-07-27,15.95,16.3,16.61,15.9,86095.0,140955232.0,16.45,16.35,16.55,15.31,166123.0,267874480.0,15.2075,000821.csv
2018-11-27,4.99,5.03,5.07,4.98,50851.0,26609140.0,5.06,5.04,5.09,4.97,51472.0,26983932.0,5.03,000822.csv
2017-02-21,4.83,4.86,4.92,4.81,1085334.0,565138368.0,4.89,4.87,4.94,4.8,1233617.0,642885184.0,4.7275,000825.csv
2016-09-22,13.7,13.74,13.87,13.7,39838.0,54896500.0,13.82,13.77,13.92,13.54,55507.0,76525648.0,13.402500000000002,000835.csv
2017-03-17,9.38,9.4,9.49,9.38,39890.0,48849332.0,9.43,9.42,9.51,9.36,45927.0,56394224.0,9.3125,000852.csv
2016-08-31,30.8,30.83,31.17,30.68,196633.0,684718848.0,31.27,31.01,31.29,30.66,350199.0,1218241664.0,29.89,000858.csv
2018-10-17,57.1,57.27,58.25,56.6,152527.0,900184448.0,58.2,57.7,58.28,56.0,262416.0,1546537856.0,56.23,000858.csv
2016-03-08,5.28,5.38,5.5,5.28,147994.0,80329840.0,5.53,5.51,5.57,5.2,309052.0,168177856.0,5.165,000861.csv
2017-05-22,7.15,7.16,7.2,7.15,51164.0,40139224.0,7.22,7.17,7.23,7.14,81465.0,64102128.0,7.1825,000876.csv
2018-12-13,7.32,7.35,7.43,7.31,92451.0,68497088.0,7.37,7.36,7.44,7.23,120637.0,89303608.0,7.0825,000876.csv
2018-11-07,10.65,10.68,10.75,10.53,61698.0,66841912.0,10.73,10.69,10.73,10.44,145218.0,156680192.0,10.3025,000887.csv
2018-01-23,12.51,12.76,12.86,12.51,9706.0,12407619.0,12.84,12.77,12.84,12.31,39896.0,50435316.0,12.475000000000001,000889.csv
2018-09-13,12.51,12.53,12.55,12.39,2711.0,3391851.0,12.59,12.56,12.64,12.34,4797.0,6006576.0,12.33,000889.csv
2017-04-18,8.67,8.73,8.86,8.65,26703.0,24450116.0,8.77,8.76,8.82,8.64,30003.0,27471700.0,8.35,000899.csv
2016-12-01,16.75,16.76,16.96,16.73,29250.0,49405588.0,16.81,16.79,16.88,16.66,29692.0,49968668.0,16.150000000000002,000909.csv
2016-07-27,15.28,15.73,15.91,15.23,43738.0,70055880.0,15.94,15.78,16.29,15.17,95749.0,156173744.0,15.482500000000002,000910.csv
2016-11-17,18.79,18.94,19.01,18.67,18501.0,35628608.0,19.03,18.99,19.11,18.5,57310.0,109589032.0,18.2375,000910.csv
2016-10-21,13.95,13.96,13.99,13.87,15131.0,21864322.0,14.0,13.99,14.0,13.8,26242.0,37840896.0,13.885,000919.csv
2017-08-23,12.76,12.8,12.9,12.64,119923.0,161834848.0,12.86,12.84,12.9,12.63,130845.0,176614608.0,12.6875,000921.csv
2019-01-21,7.86,8.12,8.16,7.83,138013.0,114685664.0,8.2,8.13,8.58,7.47,167027.0,142127232.0,7.95,000921.csv
2019-04-11,12.2,12.21,12.21,11.96,130755.0,159309200.0,13.32,12.37,13.32,11.7,547016.0,684136704.0,11.737499999999999,000922.csv
2018-04-18,20.13,20.14,20.37,20.0,24979.0,50423616.0,20.39,20.31,20.98,19.67,26978.0,54506216.0,20.150000000000002,000923.csv
2019-03-06,15.16,15.3,15.49,15.05,67451.0,102771896.0,15.45,15.38,15.56,15.02,75705.0,115767032.0,14.6325,000923.csv
2019-03-01,8.09,8.15,8.32,8.09,190282.0,156489088.0,8.2,8.16,8.24,8.06,235138.0,191542320.0,8.565000000000001,000930.csv
2016-07-11,30.2,30.24,30.52,30.09,25780.0,154470576.0,30.4,30.3,30.79,29.98,44542.0,268068112.0,30.49,000938.csv
2016-10-14,9.03,9.05,9.05,8.9,58080.0,52457616.0,9.5,9.35,9.5,8.89,343901.0,318120032.0,9.0975,000950.csv
2017-03-23,13.86,13.9,14.06,13.79,28568.0,43620392.0,13.98,13.93,14.03,13.75,50091.0,76254456.0,13.8275,000951.csv
2018-03-26,6.45,6.49,6.55,6.19,101957.0,64890016.0,6.54,6.52,6.58,6.15,136864.0,87446256.0,6.7075000000000005,000955.csv
2018-12-13,4.89,4.94,4.98,4.88,32228.0,15919046.0,4.98,4.95,4.98,4.87,34057.0,16809698.0,4.6975,000957.csv
2016-09-22,12.32,12.34,12.46,12.31,110883.0,137143600.0,12.48,12.35,12.51,12.27,166247.0,206061856.0,12.0225,000960.csv
2016-01-22,17.21,17.43,17.77,17.21,18386.0,131301584.0,17.55,17.47,17.65,17.1,26562.0,187938352.0,16.375,000963.csv
2016-11-11,6.01,6.02,6.05,5.97,66721.0,44877840.0,6.04,6.03,6.05,5.93,82339.0,55207356.0,5.9975,000965.csv
2017-06-06,5.0,5.01,5.01,5.0,145463.0,75026856.0,5.2,5.03,5.29,4.99,495080.0,261420560.0,4.825,000966.csv
2017-06-23,13.07,13.12,13.18,12.9,18369.0,24048854.0,13.18,13.13,13.18,12.58,38907.0,50148088.0,13.6225,000968.csv
2016-11-01,8.55,8.57,8.65,8.52,100456.0,87031280.0,8.6,8.59,8.61,8.51,122854.0,106193264.0,8.38,000973.csv
2016-09-06,11.36,11.44,11.44,11.34,28801.0,33231750.0,11.46,11.45,11.47,11.26,50065.0,57756540.0,11.399999999999999,000978.csv
2017-10-16,9.85,9.98,10.03,9.79,396700.0,407242720.0,10.05,10.0,10.06,9.75,404132.0,415663808.0,9.5525,000983.csv
2016-12-07,22.62,22.68,22.93,22.62,17157.0,41033092.0,22.79,22.76,22.8,22.3,19481.0,46357480.0,21.4375,000989.csv
2016-07-27,24.61,25.14,25.15,24.61,22309.0,58060688.0,25.91,25.35,26.86,24.5,153640.0,409115360.0,24.4125,000999.csv
2018-10-17,21.57,21.6,21.91,21.49,18990.0,41980348.0,21.76,21.61,21.9,20.82,27776.0,60181152.0,21.08,000999.csv
2016-03-08,8.02,8.17,8.32,8.02,181014.0,159617120.0,8.19,8.18,8.2,7.66,210042.0,180642752.0,7.734999999999999,001696.csv
2016-07-12,7.37,7.39,7.45,7.33,108597.0,207436064.0,7.41,7.4,7.41,7.22,131798.0,249712832.0,7.299999999999999,002002.csv
2016-05-11,8.15,8.17,8.24,8.14,69681.0,62423680.0,8.21,8.19,8.33,8.11,99507.0,89617680.0,8.0375,002004.csv
2017-05-19,22.12,22.26,22.4,22.12,23151.0,80693344.0,22.32,22.31,22.4,21.97,31914.0,110770280.0,22.09,002007.csv
2019-07-10,31.51,31.65,31.95,31.2,99715.0,314482912.0,31.68,31.66,32.19,30.88,103769.0,327012896.0,31.0275,002007.csv
2017-11-09,16.35,16.48,16.77,16.35,77748.0,130248864.0,16.85,16.78,16.85,16.29,80100.0,134009832.0,16.8125,002009.csv
2016-01-20,16.75,17.3,17.37,16.65,49441.0,86336688.0,17.33,17.32,17.46,16.31,104309.0,180163392.0,15.8525,002010.csv
2016-11-11,9.62,9.65,9.72,9.59,37193.0,35896940.0,9.7,9.66,9.7,9.56,37756.0,36347044.0,9.6425,002015.csv
2018-12-13,5.73,5.76,5.81,5.73,38008.0,22263954.0,5.79,5.77,5.83,5.72,41939.0,24604910.0,5.5,002026.csv
2017-06-06,16.44,16.48,16.59,16.4,17132.0,28580912.0,16.6,16.57,16.7,16.3,20243.0,33919212.0,16.5725,002028.csv
2018-10-17,6.16,6.19,6.31,6.11,29840.0,24214814.0,6.26,6.23,6.34,5.98,34126.0,27627550.0,6.540000000000001,002036.csv
2016-07-01,16.0,16.04,16.34,15.97,40535.0,65831632.0,16.11,16.09,16.35,15.87,40686.0,65733740.0,16.147499999999997,002037.csv
2017-07-31,15.62,15.72,15.91,15.6,20092.0,32814928.0,15.79,15.75,15.8,15.56,20156.0,32858692.0,15.635,002039.csv
2018-01-19,15.09,15.1,15.13,15.02,12222.0,19156510.0,15.13,15.11,15.16,15.0,20620.0,32344818.0,15.049999999999999,002039.csv
2019-03-07,14.0,14.12,14.17,13.96,27807.0,39915372.0,14.15,14.14,14.19,13.95,36671.0,52632088.0,13.7225,002039.csv
2019-01-14,5.23,5.26,5.28,5.19,35643.0,19937770.0,5.29,5.28,5.3,5.18,53362.0,29899930.0,5.217499999999999,002042.csv
2016-08-25,21.8,22.05,23.03,21.8,183630.0,421018720.0,22.35,22.11,22.54,21.7,188357.0,424617760.0,22.01,002048.csv
2019-05-10,10.65,10.72,10.86,10.48,72392.0,102313688.0,11.12,10.85,11.12,10.41,134786.0,146616544.0,10.752500000000001,002050.csv
2016-03-08,9.91,9.97,10.05,9.77,60268.0,61902188.0,10.16,10.12,10.16,9.67,69877.0,71897544.0,9.620000000000001,002054.csv
2017-03-23,11.76,11.79,11.93,11.63,70431.0,84529064.0,11.92,11.81,12.08,11.6,86260.0,104151856.0,11.6175,002054.csv
2018-01-23,14.58,14.82,15.1,14.57,75657.0,113172056.0,14.93,14.83,15.17,14.56,97967.0,145953824.0,14.2075,002054.csv
2019-05-17,3.28,3.29,3.29,3.26,76081.0,25165990.0,3.35,3.3,3.49,3.24,224145.0,76274632.0,3.2275,002060.csv
2018-01-09,5.38,5.4,5.42,5.36,21188.0,11635650.0,5.44,5.41,5.44,5.35,21896.0,12062370.0,5.3225,002062.csv
2018-01-15,5.38,5.39,5.4,5.35,16389.0,8976386.0,5.42,5.4,5.47,5.3,35259.0,19375900.0,5.3575,002062.csv
2018-12-13,5.9,5.92,5.98,5.9,39231.0,23468988.0,5.98,5.95,6.02,5.86,42980.0,25794864.0,5.5675,002063.csv
2016-05-11,5.81,5.83,5.98,5.77,71978.0,47113040.0,5.9,5.88,6.03,5.75,75794.0,49763132.0,5.5249999999999995,002068.csv
2016-03-17,4.46,4.5,4.58,4.41,131378.0,62958496.0,4.53,4.52,4.56,4.39,250212.0,120014768.0,4.5475,002078.csv
2018-12-12,7.59,7.6,7.65,7.55,67087.0,52102320.0,7.63,7.61,7.66,7.49,125000.0,96964496.0,7.485,002092.csv
2017-02-08,10.14,10.15,10.25,10.1,28190.0,28786344.0,10.21,10.19,10.21,10.06,29198.0,29692084.0,10.145,002093.csv
2017-04-24,13.35,13.61,13.64,13.35,21411.0,49846292.0,13.75,13.73,13.76,13.12,25588.0,59841060.0,13.4175,002094.csv
2018-01-17,33.17,33.27,33.7,33.12,7477.0,25051066.0,33.65,33.56,33.84,32.7,10306.0,34338936.0,34.8925,002095.csv
2017-03-13,14.23,14.24,14.32,14.2,19971.0,28610676.0,14.3,14.27,14.36,14.02,22522.0,32190206.0,14.275,002096.csv
2018-11-19,5.98,6.0,6.06,5.96,84711.0,51758292.0,6.02,6.01,6.05,5.95,84997.0,51807128.0,5.745,002097.csv
2016-07-27,16.23,16.32,16.98,15.98,106211.0,211981440.0,16.8,16.73,17.22,15.82,166298.0,337543072.0,15.585,002103.csv
2017-05-19,13.65,13.77,14.02,13.65,5435.0,9089837.0,13.89,13.78,13.92,13.56,8195.0,13606877.0,12.855,002103.csv
2018-01-22,8.35,8.39,8.49,8.3,73275.0,82216592.0,8.44,8.42,8.45,8.27,82969.0,92761592.0,8.42,002108.csv
2016-11-09,5.08,5.13,5.17,5.07,44168.0,33974388.0,5.15,5.14,5.19,5.05,55797.0,42975860.0,5.2775,002109.csv
2018-10-17,3.76,3.8,3.82,3.71,71854.0,27086542.0,3.83,3.81,3.87,3.6,76918.0,28986916.0,3.61,002109.csv
2018-12-13,3.71,3.73,3.75,3.71,38030.0,14163180.0,3.75,3.74,3.77,3.7,45603.0,17064420.0,3.625,002109.csv
2016-08-03,18.04,18.49,18.65,18.04,52161.0,96466328.0,18.54,18.51,18.6,18.02,67239.0,123396552.0,17.497500000000002,002112.csv
2017-11-08,16.85,16.96,17.09,16.74,5243.0,8867486.0,16.99,16.97,17.07,16.68,7551.0,12757670.0,16.787499999999998,002112.csv
2018-06-08,7.86,7.88,7.93,7.82,6250.0,5212284.0,7.95,7.91,8.01,7.79,13152.0,11018786.0,7.65,002116.csv
2016-12-22,23.43,23.81,23.98,23.43,12604.0,62180120.0,25.59,24.2,25.59,23.28,33168.0,165749872.0,23.050000000000004,002120.csv
2019-07-22,4.31,4.34,4.41,4.29,38090.0,16612998.0,4.43,4.36,4.43,4.23,80658.0,34932512.0,4.375,002121.csv
2019-05-30,18.1,18.18,18.4,17.86,293416.0,530363552.0,18.63,18.52,19.05,17.35,571014.0,1036745472.0,16.69,002124.csv
2016-04-07,7.65,7.75,7.84,7.63,109182.0,171206976.0,7.85,7.83,8.14,7.6,174547.0,277612640.0,7.91,002126.csv
2018-02-27,8.97,9.02,9.06,8.89,24012.0,21854082.0,9.06,9.04,9.13,8.79,64633.0,58889108.0,8.76,002126.csv
2019-03-22,9.96,10.03,10.2,9.91,596717.0,601633344.0,10.14,10.13,10.34,9.87,619024.0,626470528.0,9.4275,002129.csv
2016-10-14,7.59,7.69,7.85,7.53,373215.0,295548448.0,7.84,7.7,7.84,7.52,377857.0,299702112.0,7.3375,002133.csv
2019-04-10,8.05,8.14,8.2,8.05,39825.0,32372008.0,8.19,8.15,8.34,8.03,56183.0,45994488.0,8.015,002134.csv
2019-03-18,9.03,9.14,9.16,9.0,48495.0,44629280.0,9.19,9.18,9.2,8.99,53225.0,49043936.0,9.0375,002136.csv
2018-08-24,5.9,5.95,5.99,5.88,12612.0,9112103.0,5.99,5.96,6.0,5.85,26614.0,19168376.0,5.9375,002140.csv
2016-10-18,8.07,8.09,8.23,8.07,33189.0,94860104.0,8.17,8.14,8.21,7.96,55073.0,155507616.0,8.5,002141.csv
2019-06-14,3.76,3.81,3.86,3.76,43756.0,16725712.0,3.84,3.83,3.86,3.73,49472.0,18803160.0,3.6350000000000002,002141.csv
2017-01-16,12.12,12.22,12.37,12.12,105130.0,179809520.0,12.33,12.32,12.42,12.08,221486.0,378393568.0,12.469999999999999,002142.csv
2018-01-29,5.87,5.88,5.92,5.84,121699.0,71964056.0,5.92,5.9,5.96,5.82,172327.0,102190176.0,5.45,002145.csv
2016-06-22,16.16,16.24,17.14,16.16,43173.0,143447184.0,16.64,16.4,16.65,15.96,46019.0,151856288.0,14.8725,002149.csv
2018-04-12,9.87,9.89,9.89,9.81,276530.0,278700032.0,10.5,10.0,10.5,9.78,453277.0,466707936.0,9.205000000000002,002149.csv
2018-09-07,6.4,6.41,6.51,6.38,25781.0,16867900.0,6.46,6.43,6.52,6.35,32777.0,21442730.0,6.1125,002149.csv
2019-05-30,5.72,5.77,5.78,5.68,12269.0,9357072.0,5.85,5.78,5.85,5.65,27879.0,21215632.0,5.492500000000001,002150.csv
2018-07-30,26.32,26.37,26.7,26.32,32414.0,86011768.0,26.68,26.45,27.03,26.31,57775.0,154364848.0,25.0625,002151.csv
2016-03-08,8.51,8.64,8.77,8.39,59797.0,119836352.0,8.67,8.65,8.67,8.16,61858.0,121806448.0,8.385,002152.csv
2018-03-06,6.93,6.96,7.05,6.9,206599.0,150727440.0,7.01,6.98,7.1,6.88,268342.0,196738944.0,6.9575000000000005,002152.csv
2017-03-13,22.78,22.8,23.02,22.76,12867.0,29736910.0,23.0,22.81,23.0,22.64,23035.0,52935028.0,22.6625,002153.csv
2017-07-06,9.9,9.98,10.01,9.89,34743.0,34714664.0,10.03,9.99,10.04,9.76,97648.0,97118560.0,9.9375,002156.csv
2016-02-22,23.56,23.79,23.98,23.5,10800.0,25687378.0,24.2,23.82,24.73,23.42,38513.0,92772848.0,21.3475,002159.csv
2017-07-19,23.01,23.1,23.18,22.73,3334.0,7671129.0,23.29,23.25,23.29,22.61,9927.0,22791308.0,22.5325,002159.csv
2017-12-12,6.56,6.6,6.63,6.54,31158.0,20510914.0,6.64,6.63,6.74,6.51,46979.0,31106056.0,6.4625,002170.csv
2018-10-29,13.9,13.92,14.26,13.82,13962.0,19524964.0,14.0,13.99,14.2,13.73,14274.0,19985648.0,14.277499999999998,002174.csv
2016-06-21,15.06,15.1,15.61,14.92,783393.0,1194880000.0,15.35,15.12,15.84,14.77,1078101.0,1655738752.0,14.805000000000001,002176.csv
2019-05-23,24.73,24.86,25.09,24.52,26917.0,67057252.0,27.35,25.27,27.35,24.16,124929.0,317881312.0,24.369999999999997,002180.csv
2017-02-27,19.54,19.58,19.61,19.42,13799.0,27232540.0,19.62,19.6,19.67,19.34,14305.0,28156968.0,19.4725,002184.csv
2018-09-13,7.56,7.58,7.61,7.55,2835.0,2233535.25,7.62,7.6,7.65,7.5,4755.0,3745406.0,7.539999999999999,002187.csv
2018-06-04,7.74,7.81,7.9,7.72,64312.0,54117352.0,7.84,7.82,7.9,7.71,91425.0,76888800.0,7.785,002191.csv
2018-05-22,32.57,32.85,33.4,32.28,47726.0,156261648.0,33.0,32.9,33.0,31.85,48984.0,159016592.0,32.555,002192.csv
2018-11-27,20.69,20.99,21.78,20.66,46406.0,98344632.0,21.45,21.05,21.77,20.61,50049.0,106231536.0,20.46,002192.csv
2017-08-22,15.94,16.03,16.34,15.93,16025.0,26064696.0,16.12,16.04,16.14,15.87,31681.0,51190132.0,16.3275,002193.csv
2018-03-29,16.33,16.38,16.54,16.27,9562.0,15770328.0,16.44,16.43,16.57,16.12,67727.0,111832280.0,16.0875,002193.csv
2017-12-22,12.4,12.55,12.63,12.4,20862.0,26255440.0,12.6,12.57,12.65,12.3,28024.0,35104496.0,12.315,002197.csv
2016-11-09,12.58,12.65,13.01,12.58,388110.0,671613568.0,12.75,12.72,12.8,12.31,421064.0,714398976.0,12.6725,002202.csv
2019-05-22,10.88,10.97,11.12,10.85,107453.0,118799112.0,11.03,10.98,11.1,10.78,128322.0,142041488.0,10.8675,002203.csv
2016-03-23,4.71,4.74,4.79,4.71,28652.0,39639240.0,4.76,4.75,4.83,4.62,35638.0,49004600.0,4.78,002206.csv
2016-01-29,15.39,15.61,16.34,15.29,54346.0,86382376.0,15.79,15.69,15.97,14.49,66999.0,104145400.0,16.3975,002213.csv
2017-09-12,21.46,21.47,21.59,21.38,2433.0,5217839.5,21.53,21.51,21.67,21.33,5438.0,11686378.0,21.24,002213.csv
2017-10-24,21.16,21.29,21.38,21.11,3298.0,7003749.0,21.43,21.33,21.43,20.5,8972.0,18766320.0,20.692500000000003,002213.csv
2018-01-24,6.77,6.8,6.82,6.75,38503.0,26713004.0,6.84,6.81,6.84,6.73,43489.0,30147496.0,6.6825,002215.csv
2016-03-16,16.03,16.04,16.37,15.89,172087.0,282293568.0,16.33,16.05,16.39,15.53,195811.0,318755264.0,16.825000000000003,002224.csv
2016-03-16,30.53,31.03,32.07,30.34,66820.0,210049952.0,31.43,31.07,32.25,29.84,68029.0,211523648.0,32.61,002227.csv
2018-11-28,4.6,4.63,4.69,4.57,83439.0,39072128.0,4.66,4.64,4.66,4.53,91061.0,42556608.0,4.5175,002228.csv
2018-03-29,39.19,39.26,39.87,39.04,276158.0,1633189120.0,40.13,39.33,40.33,38.57,301652.0,1787031168.0,39.177499999999995,002230.csv
2019-07-22,19.73,19.85,20.12,19.63,29632.0,58951756.0,19.87,19.86,20.13,19.4,35131.0,69535232.0,19.5825,002242.csv
2016-03-08,8.63,8.72,8.97,8.63,93052.0,84094552.0,8.76,8.73,8.78,8.34,106805.0,94368136.0,8.290000000000001,002249.csv
2018-02-07,9.08,9.19,9.55,9.07,78825.0,74331312.0,9.38,9.21,9.38,8.9,88432.0,82381176.0,9.2075,002250.csv
2018-12-13,14.17,14.21,14.35,14.15,38119.0,55025012.0,14.3,14.22,14.35,14.0,51161.0,73871568.0,13.4875,002258.csv
2016-11-07,18.38,18.49,18.54,18.37,19428.0,38137124.0,18.54,18.53,18.59,18.36,22691.0,44527224.0,18.4375,002275.csv
2017-11-29,15.45,15.53,15.55,15.4,9410.0,15259055.0,15.61,15.58,15.66,15.36,10064.0,16346275.0,15.397499999999999,002275.csv
2016-07-11,19.74,19.76,20.06,19.74,223875.0,447933024.0,19.88,19.78,20.08,19.62,315087.0,629155392.0,19.9125,002276.csv
2018-12-13,4.21,4.22,4.25,4.2,79954.0,33719396.0,4.24,4.23,4.28,4.18,108051.0,45762716.0,4.0525,002280.csv
2018-05-10,24.9,25.06,25.41,24.77,96718.0,246606176.0,25.11,25.08,25.36,24.71,99869.0,252966624.0,23.627499999999998,002281.csv
2016-12-16,15.34,15.39,15.59,15.3,43599.0,68101320.0,15.43,15.4,15.51,15.0,51025.0,78714248.0,15.775,002286.csv
2018-04-13,5.21,5.25,5.27,5.2,71234.0,37319036.0,5.28,5.26,5.37,5.19,88993.0,47023212.0,5.1899999999999995,002288.csv
2019-08-09,6.34,6.38,6.45,6.33,75783.0,48349108.0,6.44,6.43,6.58,6.32,106319.0,68602288.0,6.29,002296.csv
2016-01-22,16.55,16.73,17.34,16.47,66731.0,122585096.0,16.8,16.75,17.29,16.33,66924.0,122523648.0,16.205,002299.csv
2019-05-17,27.18,27.29,27.99,27.1,324976.0,893685504.0,27.58,27.47,29.01,27.09,453803.0,1271236992.0,26.987499999999997,002299.csv
2016-11-09,15.16,15.31,15.46,15.16,23041.0,53888348.0,15.44,15.32,15.56,14.89,26189.0,61024080.0,14.9725,002301.csv
2016-08-15,13.3,13.52,13.73,13.26,140757.0,196111120.0,13.65,13.54,14.0,13.15,209796.0,294186112.0,13.1875,002303.csv
2016-08-04,62.15,62.28,62.65,61.9,24811.0,173736720.0,62.4,62.3,62.4,61.81,27783.0,194444384.0,62.667500000000004,002304.csv
2017-12-25,22.22,22.5,22.58,22.22,45318.0,104165960.0,22.64,22.56,23.02,21.97,51885.0,119574648.0,22.002499999999998,002311.csv
2019-04-22,30.0,30.2,30.48,29.72,82449.0,251402480.0,30.48,30.38,31.79,29.28,119463.0,371965440.0,29.922500000000003,002311.csv
2017-03-03,20.78,20.8,20.9,20.62,28487.0,59419188.0,20.88,20.82,20.92,20.54,31032.0,64641728.0,21.115,002313.csv
2018-11-19,9.24,9.27,9.39,9.13,82302.0,115298664.0,9.31,9.28,9.33,9.06,99046.0,138207952.0,8.8925,002320.csv
2016-04-15,11.17,11.22,11.24,11.06,108173.0,121137216.0,11.25,11.23,11.29,10.94,162183.0,180354352.0,10.962499999999999,002321.csv
2016-04-14,9.69,9.78,9.93,9.69,196547.0,233301200.0,9.85,9.83,9.89,9.55,234011.0,273936512.0,9.205,002325.csv
2019-05-30,6.06,6.12,6.33,6.02,79505.0,49157380.0,6.21,6.18,6.27,5.98,89858.0,55226448.0,5.905,002330.csv
2016-11-21,8.56,8.57,8.67,8.53,63297.0,54470648.0,8.67,8.58,8.67,8.52,69328.0,59574648.0,8.387500000000001,002337.csv
2019-06-25,13.73,13.75,13.93,13.59,27640.0,38063908.0,13.95,13.88,14.14,13.45,39168.0,54291364.0,13.530000000000001,002338.csv
2016-11-22,14.54,14.6,14.78,14.5,74557.0,142833552.0,14.65,14.63,14.71,14.48,80306.0,153148272.0,14.535,002339.csv
2017-02-27,12.01,12.04,12.04,11.88,8937.0,18384942.0,12.06,12.05,12.11,11.84,11926.0,24608316.0,11.87,002350.csv
2016-09-22,24.68,24.75,24.88,24.66,7616.0,53177596.0,24.85,24.78,25.02,24.49,9257.0,64781724.0,25.13,002354.csv
2018-11-29,7.6,7.64,7.8,7.53,27206.0,20740382.0,7.68,7.65,7.72,7.47,35549.0,26913904.0,7.68,002355.csv
2016-03-16,11.62,11.68,11.91,11.56,29863.0,36734200.0,11.81,11.74,12.08,11.55,40511.0,50227620.0,12.415000000000001,002357.csv
2017-11-27,14.8,14.83,14.95,14.77,24454.0,36892528.0,14.87,14.84,14.98,14.76,25534.0,38492384.0,14.797500000000001,002358.csv
2018-12-14,17.54,17.59,17.69,17.4,46621.0,82027928.0,17.7,17.62,17.7,17.37,51022.0,90073928.0,17.04,002358.csv
2018-12-12,5.62,5.64,5.69,5.59,22618.0,13010834.0,5.69,5.67,5.71,5.58,39931.0,23018966.0,5.5225,002360.csv
2018-09-13,12.48,12.61,12.74,12.4,25989.0,33021114.0,12.82,12.65,12.88,12.39,30835.0,39089276.0,12.2025,002365.csv
2017-07-19,7.47,7.53,7.63,7.36,29888.0,22561820.0,7.57,7.55,7.57,7.24,57744.0,43187248.0,7.54,002369.csv
2018-05-03,4.11,4.12,4.14,4.1,26561.0,10929389.0,4.15,4.13,4.15,4.08,26759.0,10986284.0,4.12,002374.csv
2016-07-07,12.79,12.84,12.95,12.73,68291.0,91973016.0,12.94,12.9,13.02,12.61,91667.0,123129488.0,12.69,002376.csv
2016-11-09,12.74,12.77,12.86,12.73,67464.0,90375400.0,12.8,12.79,12.86,12.4,120865.0,159831472.0,12.844999999999999,002376.csv
2019-04-16,16.88,16.91,17.18,16.87,95288.0,163949360.0,16.97,16.92,16.97,16.29,103037.0,173536784.0,16.3775,002376.csv
2018-11-28,3.04,3.05,3.06,3.01,17047.0,5178862.0,3.08,3.07,3.08,3.0,23632.0,7182615.0,3.0324999999999998,002379.csv
2017-04-07,11.97,11.98,12.02,11.9,18518.0,22954526.0,12.04,12.0,12.04,11.84,36435.0,44355020.0,11.9375,002382.csv
2018-01-22,18.47,18.48,18.89,18.41,36866.0,69036200.0,18.54,18.53,18.74,18.13,58220.0,107431624.0,17.98,002383.csv
2017-10-30,21.71,21.92,22.06,21.61,40923.0,134794160.0,22.29,21.93,22.87,21.45,75696.0,250904752.0,21.490000000000002,002384.csv
2016-08-15,17.32,17.45,17.64,17.13,87689.0,152313632.0,17.58,17.49,17.62,17.0,134819.0,233754384.0,17.8325,002387.csv
2018-06-29,10.72,10.73,10.86,10.68,17186.0,18485588.0,10.76,10.75,10.84,10.41,42669.0,45359316.0,10.8,002387.csv
2016-12-07,11.27,11.29,11.42,11.23,34388.0,39049328.0,11.36,11.32,11.39,11.13,44403.0,50118472.0,10.597499999999998,002388.csv
2016-11-22,9.93,9.96,10.01,9.92,90142.0,90352472.0,9.98,9.97,10.01,9.87,124173.0,124282184.0,9.72,002390.csv
2016-03-08,5.06,5.18,5.26,5.06,99155.0,52195892.0,5.22,5.19,5.23,4.93,121008.0,62312996.0,4.9275,002392.csv
2018-08-07,17.49,17.56,17.82,17.1,38520.0,67901792.0,17.67,17.58,17.78,16.62,70862.0,122158920.0,16.877499999999998,002399.csv
2016-02-17,13.14,13.21,13.63,12.9,123364.0,165838032.0,13.23,13.22,13.33,12.84,137020.0,182517408.0,13.525,002411.csv
2017-09-19,26.65,26.83,27.11,26.6,25022.0,67482688.0,26.89,26.84,27.09,26.42,31588.0,85006352.0,26.5725,002411.csv
2017-12-14,10.3,10.41,10.45,10.3,26967.0,28076098.0,10.52,10.42,10.53,10.27,38929.0,40557528.0,10.322500000000002,002413.csv
2016-03-08,5.05,5.14,5.21,5.05,28340.0,41354564.0,5.24,5.23,5.24,4.86,37705.0,54335404.0,5.0,002435.csv
2017-07-25,6.02,6.08,6.12,6.02,12643.0,20693678.0,6.12,6.11,6.14,5.99,15810.0,25771854.0,6.095,002435.csv
2017-10-24,6.76,6.78,6.81,6.71,30031.0,20404496.0,6.8,6.79,6.85,6.68,62658.0,42494080.0,6.7375,002437.csv
2018-01-08,14.12,14.13,14.19,14.06,52051.0,73532416.0,14.31,14.14,14.46,14.01,67009.0,95062008.0,13.8425,002444.csv
2019-01-15,9.58,9.65,9.77,9.53,37938.0,36608760.0,9.74,9.69,9.74,9.51,44833.0,43205284.0,9.377500000000001,002444.csv
2016-12-21,14.35,14.38,14.46,14.27,16541.0,40611348.0,14.45,14.39,14.55,14.24,17784.0,43733600.0,13.977500000000001,002446.csv
2019-05-15,13.73,13.77,14.04,13.68,47398.0,67281824.0,13.98,13.95,14.06,13.51,80649.0,111035336.0,12.715,002449.csv
2017-11-20,32.38,32.51,32.76,32.29,18775.0,61023604.0,32.81,32.58,32.89,31.01,28699.0,92437776.0,32.06,002451.csv
2018-11-27,5.33,5.34,5.43,5.23,42756.0,22720926.0,5.44,5.43,5.44,5.1,77750.0,41109440.0,5.0875,002453.csv
2016-02-24,15.93,16.06,16.28,15.93,12658.0,20290436.0,16.16,16.11,16.25,15.91,17682.0,28461846.0,13.879999999999999,002459.csv
2018-07-05,12.12,12.15,12.18,12.05,10628.0,12856282.0,12.2,12.18,12.48,12.04,32178.0,39360436.0,12.087500000000002,002459.csv
2017-07-17,33.63,33.93,34.85,33.05,304826.0,1585886592.0,34.33,34.28,35.73,32.58,449299.0,2366927872.0,35.36,002460.csv
2019-03-01,26.5,26.62,27.14,26.31,283636.0,764420544.0,26.85,26.66,27.04,26.1,317610.0,850400704.0,26.82,002460.csv
2016-03-16,14.01,14.09,14.35,13.83,11679.0,58906308.0,14.24,14.16,14.59,13.81,11975.0,60869524.0,15.627499999999998,002464.csv
2018-05-31,9.45,9.52,9.76,9.38,168074.0,163096864.0,9.6,9.54,9.7,9.32,177607.0,171092080.0,9.455000000000002,002465.csv
2018-02-07,48.34,49.06,51.02,47.82,205979.0,1029837824.0,50.52,50.01,51.02,47.13,223489.0,1117871104.0,52.629999999999995,002466.csv
2017-06-26,24.51,24.63,24.8,24.5,12619.0,31988334.0,24.77,24.7,25.23,24.41,51670.0,131640392.0,24.384999999999998,002468.csv
2017-07-31,12.23,12.33,12.48,12.15,59201.0,124196848.0,12.42,12.34,12.42,12.03,134051.0,277590848.0,11.695,002475.csv
2018-05-07,12.75,12.76,13.17,12.72,152682.0,336371136.0,12.87,12.79,13.11,12.66,192968.0,420908320.0,13.255,002475.csv
2019-05-27,15.32,15.65,15.87,15.31,480565.0,981438592.0,15.87,15.81,16.02,15.26,556281.0,1137948672.0,15.8675,002475.csv
2016-05-06,5.08,5.11,5.16,5.06,44328.0,52529732.0,5.25,5.18,5.26,5.0,60289.0,69152752.0,4.6325,002478.csv
2019-04-11,6.1,6.13,6.23,6.08,123663.0,75960624.0,6.16,6.14,6.36,6.06,168152.0,104780032.0,5.7725,002480.csv
2016-03-28,8.44,8.53,8.66,8.37,54446.0,117395616.0,8.67,8.54,8.97,8.27,72018.0,157553776.0,8.3975,002482.csv
2016-08-15,9.07,9.1,9.12,9.0,48305.0,43947572.0,9.12,9.11,9.21,8.99,100461.0,91835832.0,8.9725,002487.csv
2016-04-20,18.21,18.35,18.62,17.85,487046.0,1343620096.0,18.99,18.55,19.12,17.04,718250.0,1988548864.0,16.12,002488.csv
2018-10-17,4.23,4.29,4.35,4.21,63034.0,26959752.0,4.37,4.32,4.39,4.17,70802.0,30341406.0,4.1825,002490.csv
2018-11-15,4.7,4.71,4.76,4.67,70623.0,33279088.0,4.73,4.72,4.74,4.62,99759.0,46798476.0,4.545,002490.csv
2017-03-07,6.87,6.89,6.94,6.86,28146.0,44789904.0,6.93,6.9,6.93,6.82,29084.0,46068072.0,6.5725,002493.csv
2018-03-13,8.32,8.43,8.51,8.31,55393.0,46635576.0,8.5,8.45,8.82,8.3,78427.0,66691164.0,8.105,002494.csv
2017-10-30,6.49,6.5,6.51,6.46,32480.0,21748330.0,6.53,6.51,6.71,6.44,253167.0,171004528.0,6.3025,002503.csv
2018-09-07,3.16,3.18,3.2,3.16,36330.0,11567588.0,3.2,3.19,3.22,3.14,69190.0,22016504.0,3.0999999999999996,002503.csv
2018-01-24,52.08,52.22,52.84,51.45,61204.0,328013216.0,52.4,52.35,52.71,51.05,61617.0,328954656.0,50.4025,002508.csv
2019-03-22,27.5,27.51,27.99,27.28,91990.0,261039552.0,27.67,27.56,27.85,27.1,116390.0,329137312.0,28.127499999999998,002508.csv
2016-08-12,18.19,18.27,18.36,18.16,26979.0,49304116.0,18.36,18.29,18.42,18.11,29315.0,53562636.0,18.042500000000004,002512.csv
2017-11-29,6.43,6.47,6.51,6.43,19201.0,12419335.0,6.5,6.49,6.52,6.41,34126.0,22056434.0,6.4375,002519.csv
2017-09-11,9.8,9.82,9.86,9.77,22277.0,22300244.0,9.85,9.84,9.86,9.71,31711.0,31734782.0,9.662500000000001,002520.csv
2018-08-24,6.71,6.73,6.79,6.68,8924.0,6099640.0,6.75,6.74,6.75,6.63,9228.0,6265692.0,6.710000000000001,002520.csv
2019-01-11,7.16,7.19,7.34,7.16,20250.0,14662643.0,7.21,7.2,7.28,7.13,30072.0,21619472.0,7.165000000000001,002529.csv
2016-11-09,22.5,22.56,22.66,22.36,15767.0,56891892.0,22.77,22.6,22.77,22.19,16666.0,60192308.0,23.29,002530.csv
2016-10-14,10.72,10.75,10.79,10.66,62124.0,69176768.0,10.8,10.77,10.81,10.6,62309.0,69323848.0,10.910000000000002,002533.csv
2019-03-29,5.72,5.77,5.86,5.67,96075.0,56979076.0,5.83,5.8,5.83,5.56,139061.0,81792992.0,5.904999999999999,002533.csv
2019-07-15,5.09,5.1,5.1,5.06,12686.0,6447734.0,5.14,5.13,5.15,5.05,18762.0,9593818.0,5.0975,002533.csv
2016-09-22,11.93,11.96,12.02,11.89,12150.0,32147798.0,12.01,11.98,12.11,11.87,16741.0,44417420.0,11.592500000000001,002537.csv
2017-05-19,11.91,11.98,12.2,11.91,19420.0,23641120.0,12.15,11.99,12.33,11.88,28270.0,34357020.0,11.33,002537.csv
2019-05-10,9.98,10.32,10.39,9.95,16169.0,22125576.0,10.59,10.39,10.59,9.91,16772.0,23259838.0,10.0925,002543.csv
2016-03-08,6.71,6.84,6.93,6.7,77651.0,54900940.0,6.92,6.89,6.95,6.52,85690.0,59899972.0,6.5575,002545.csv
2016-08-31,10.1,10.14,10.23,10.1,36160.0,37676588.0,10.24,10.18,10.28,10.08,46951.0,48950364.0,10.145,002546.csv
2018-09-03,3.62,3.65,3.68,3.6,21964.0,8251990.5,3.68,3.66,3.69,3.57,34743.0,13031107.0,3.605,002546.csv
2019-01-28,5.61,5.62,5.73,5.6,23159.0,13093741.0,5.68,5.65,5.71,5.57,26455.0,14933478.0,5.342499999999999,002552.csv
2018-02-07,18.6,18.7,19.48,18.33,84542.0,162606832.0,19.1,18.98,19.28,18.21,90018.0,173549968.0,19.017500000000002,002555.csv
2019-01-24,19.55,19.57,19.89,19.52,36949.0,74728472.0,19.7,19.59,19.9,19.44,56034.0,113109584.0,19.3775,002557.csv
2018-09-03,6.21,6.28,6.33,6.21,11525.0,7221290.0,6.3,6.29,6.33,6.19,13272.0,8287221.0,6.0925,002564.csv
2018-11-28,5.49,5.51,5.57,5.49,16222.0,8963382.0,5.55,5.54,5.58,5.43,20239.0,11174771.0,5.42,002564.csv
2018-07-25,3.28,3.31,3.32,3.27,25194.0,13222783.0,3.35,3.34,3.4,3.26,47331.0,24994000.0,3.245,002565.csv
2016-11-08,8.54,8.59,8.65,8.51,31060.0,41219592.0,8.64,8.63,8.64,8.49,54745.0,72579984.0,8.5675,002567.csv
2016-11-22,23.19,23.22,23.46,23.04,25039.0,58589532.0,23.27,23.25,23.28,22.98,38135.0,88561816.0,22.275,002568.csv
2018-08-13,6.04,6.1,6.15,6.04,4277.0,2617219.0,6.13,6.12,6.13,6.03,6700.0,4074422.75,5.952500000000001,002571.csv
2016-10-26,28.28,28.62,28.72,28.28,9841.0,57844652.0,28.79,28.76,28.79,28.08,13119.0,76713728.0,28.459999999999997,002572.csv
2017-07-17,37.13,38.05,38.1,37.07,41682.0,161084928.0,39.05,38.65,39.44,37.05,61125.0,243234256.0,38.2325,002572.csv
2018-04-10,14.2,14.29,14.53,14.14,94039.0,136649840.0,14.45,14.32,14.5,14.07,113394.0,163516848.0,14.042499999999999,002573.csv
2018-10-30,8.17,8.18,8.29,8.1,14549.0,12074056.0,8.25,8.21,8.28,8.08,16307.0,13518890.0,8.2725,002579.csv
2017-03-13,23.41,23.45,23.61,23.33,12873.0,30195568.0,23.6,23.46,23.6,23.16,18602.0,43372088.0,23.5325,002581.csv
2018-08-21,8.89,8.92,9.08,8.7,49612.0,44057980.0,9.07,9.0,9.09,8.68,73960.0,66399152.0,8.307500000000001,002583.csv
2018-10-17,5.32,5.35,5.43,5.21,116048.0,64263228.0,5.43,5.38,5.45,5.19,140256.0,77834416.0,5.4725,002585.csv
2018-09-13,4.55,4.56,4.59,4.53,19335.0,8863970.0,4.58,4.57,4.65,4.5,23829.0,10876940.0,4.44,002588.csv
2016-11-09,14.5,14.6,14.7,14.41,33950.0,50538444.0,14.7,14.64,14.85,14.3,42909.0,64229020.0,15.3475,002591.csv
2018-07-10,6.95,7.03,7.06,6.92,15388.0,10787316.0,7.11,7.05,7.11,6.88,16822.0,11765408.0,6.815,002591.csv
2016-10-19,10.2,10.25,10.37,10.11,22567.0,78539864.0,10.37,10.32,10.76,10.02,40874.0,145234784.0,10.434999999999999,002599.csv
2017-07-10,14.11,14.13,14.26,14.08,13840.0,50880812.0,14.21,14.19,14.36,13.99,19458.0,71836160.0,14.0475,002602.csv
2017-12-06,12.38,12.41,12.67,12.34,14999.0,48401924.0,12.58,12.48,12.62,12.22,21871.0,69861736.0,12.3425,002602.csv
2018-01-19,13.76,13.82,13.92,13.72,11606.0,41297892.0,13.88,13.85,13.92,13.71,22126.0,78643880.0,13.5775,002602.csv
2016-11-09,16.3,16.32,16.36,16.17,51898.0,86061696.0,16.38,16.35,16.46,16.0,84038.0,139467056.0,16.6075,002603.csv
2016-08-17,20.8,20.89,21.09,20.65,254102.0,535569408.0,20.94,20.92,21.29,20.36,279260.0,588312000.0,20.03,002605.csv
2019-07-17,8.7,8.71,8.79,8.7,8076.0,7054995.0,8.76,8.73,8.82,8.67,8316.0,7284676.0,8.5575,002612.csv
2018-10-29,14.44,14.53,14.67,14.44,4521.0,6574883.5,14.63,14.56,14.82,14.42,5765.0,8436013.0,14.67,002623.csv
2018-11-28,6.67,6.78,6.82,6.67,31871.0,21740980.0,6.83,6.82,6.83,6.64,32226.0,22009532.0,6.725,002631.csv
2016-08-31,21.05,21.11,21.4,21.01,45526.0,147123152.0,21.19,21.17,21.25,20.93,54838.0,176384016.0,20.1225,002635.csv
2018-09-13,13.44,13.61,13.71,13.41,77416.0,105573928.0,14.03,13.65,14.1,13.35,99227.0,136852448.0,12.84,002635.csv
2016-05-11,16.28,16.31,16.57,16.28,28035.0,92559840.0,16.5,16.35,16.6,15.5,49511.0,160140416.0,15.75,002640.csv
2017-08-28,19.58,19.71,19.79,19.36,45018.0,88601984.0,19.8,19.72,20.08,19.2,69789.0,137980240.0,19.59,002640.csv
2017-09-08,19.03,19.04,19.24,19.02,38398.0,73858784.0,19.11,19.1,19.31,18.96,40602.0,78283488.0,18.9775,002640.csv
2017-06-21,5.31,5.33,5.38,5.31,17737.0,9580107.0,5.38,5.37,5.4,5.28,30137.0,16276885.0,5.2125,002641.csv
2018-11-28,8.57,8.61,8.66,8.54,8530.0,7342870.0,8.64,8.62,8.64,8.41,11203.0,9598858.0,8.4825,002644.csv
2016-10-21,8.76,8.79,8.9,8.76,35446.0,50612940.0,8.85,8.83,9.16,8.75,56867.0,81961952.0,8.969999999999999,002652.csv
2018-11-28,4.55,4.59,4.61,4.52,49677.0,22676008.0,4.64,4.61,4.64,4.46,52405.0,23912960.0,4.295,002654.csv
2017-07-20,9.77,9.83,9.96,9.77,9119.0,14351560.0,9.9,9.87,9.96,9.63,21683.0,33983516.0,10.18,002656.csv
2019-06-14,5.11,5.17,5.27,5.11,116605.0,60355372.0,5.22,5.18,5.33,5.07,139616.0,72517448.0,5.055000000000001,002656.csv
2019-07-15,7.73,7.77,7.84,7.64,21334.0,16556904.0,7.82,7.81,7.91,7.59,24260.0,18783202.0,7.595000000000001,002658.csv
2017-08-01,8.82,8.86,8.89,8.8,14911.0,13181281.0,8.89,8.87,8.93,8.78,17152.0,15181441.0,8.895,002660.csv
2016-11-15,7.82,7.85,7.9,7.79,33571.0,54168984.0,7.92,7.86,7.92,7.75,33681.0,54128880.0,7.985,002662.csv
2017-03-20,15.79,15.8,15.94,15.76,15851.0,27110066.0,15.88,15.85,15.9,15.66,17181.0,29283238.0,15.860000000000001,002674.csv
2019-06-27,14.83,14.84,15.13,14.69,14903.0,22206434.0,15.03,14.85,15.33,14.66,19703.0,29356398.0,14.162499999999998,002674.csv
2017-08-16,13.55,13.59,13.74,13.51,20227.0,29495326.0,13.64,13.63,13.7,13.42,23614.0,34182308.0,13.6225,002677.csv
2019-04-19,7.33,7.34,7.44,7.3,11940.0,8866064.0,7.38,7.37,7.42,7.22,14211.0,10468728.0,7.4875,002678.csv
2017-02-13,10.97,11.0,11.1,10.95,26646.0,30580108.0,11.05,11.03,11.13,10.94,31124.0,35732544.0,10.7025,002687.csv
2019-08-09,5.4,5.43,5.48,5.4,12976.0,7059935.5,5.45,5.44,5.51,5.38,17876.0,9739405.0,5.365,002687.csv
2018-03-29,16.95,16.96,17.2,16.87,19971.0,36423280.0,17.11,17.08,17.27,16.81,20349.0,37024820.0,17.5475,002690.csv
2018-08-02,5.75,5.79,5.94,5.65,163380.0,94644872.0,5.98,5.93,5.98,5.6,286914.0,167884464.0,5.9875,002694.csv
2017-01-04,28.15,28.16,28.42,27.88,110691.0,312706784.0,28.34,28.21,28.5,27.85,137728.0,389872096.0,26.94,002695.csv
2019-02-13,4.99,5.1,5.13,4.98,132353.0,67088496.0,5.25,5.15,5.3,4.9,138308.0,71086192.0,5.210000000000001,002699.csv
2019-07-15,7.35,7.4,7.44,7.3,21911.0,16134714.0,7.44,7.41,7.46,7.27,24849.0,18350360.0,7.327500000000001,002700.csv
2016-08-04,12.42,12.44,12.48,12.36,30056.0,37566156.0,12.52,12.5,12.52,12.29,37030.0,46253608.0,12.355,002708.csv
2017-09-18,12.14,12.22,12.37,11.94,18387.0,40640572.0,12.34,12.24,12.91,11.85,35912.0,80997712.0,11.9,002713.csv
2016-08-17,29.26,29.35,29.75,29.14,11063.0,32586874.0,29.49,29.38,29.8,28.99,19075.0,55794344.0,29.027500000000003,002715.csv
2018-02-26,19.05,19.3,19.87,19.0,10194.0,19701868.0,19.49,19.39,19.58,18.85,10541.0,20179440.0,18.985,002715.csv
2017-07-24,11.14,11.16,11.28,10.99,129128.0,245161216.0,11.24,11.19,11.34,10.98,148167.0,282293696.0,10.7825,002716.csv
2016-09-22,8.72,8.74,8.85,8.7,43338.0,134488976.0,8.86,8.76,8.96,8.62,50646.0,158229776.0,8.315000000000001,002717.csv
2017-07-25,7.44,7.47,7.52,7.33,21957.0,57127180.0,7.49,7.48,7.58,7.29,33997.0,88463968.0,7.3149999999999995,002717.csv
2017-06-19,19.08,19.12,19.3,19.08,5383.0,10311404.0,19.18,19.13,19.34,19.01,5389.0,10325791.0,19.17,002723.csv
2018-11-27,5.47,5.49,5.6,5.46,12937.0,7263619.0,5.59,5.5,5.59,5.38,17842.0,9951811.0,5.364999999999999,002724.csv
2017-07-27,11.09,11.15,11.25,10.97,13994.0,25084922.0,11.21,11.16,11.21,10.87,14695.0,26236292.0,10.8925,002725.csv
2016-08-15,22.2,22.5,22.58,22.12,34186.0,79329264.0,22.7,22.63,22.74,21.75,103646.0,239765600.0,22.385000000000005,002727.csv
2017-03-20,34.28,36.14,36.14,33.54,106074.0,385479232.0,37.78,36.88,38.75,32.4,257681.0,943930368.0,31.23,002728.csv
2016-02-22,56.78,57.55,57.83,56.66,2691.0,15499161.0,57.99,57.78,58.5,56.13,3742.0,21758034.0,57.7,002729.csv
2016-04-20,70.08,71.03,71.12,70.03,2318.0,16451603.0,73.62,71.63,73.62,68.64,7998.0,57293372.0,72.3275,002729.csv
2017-09-18,62.03,62.22,62.28,62.03,2479.0,15442001.0,62.41,62.29,62.64,61.98,2667.0,16629716.0,61.9375,002729.csv
2019-06-11,33.54,34.22,35.18,33.54,7463.0,25717664.0,34.86,34.3,34.86,33.44,8548.0,29283432.0,33.315,002729.csv
2018-07-06,21.55,21.6,21.95,21.45,2606.0,5660773.0,21.8,21.67,21.8,21.34,4342.0,9411037.0,21.29,002732.csv
2018-08-09,17.84,17.97,18.14,17.84,2036.0,6308764.0,18.27,17.98,18.33,17.51,2467.0,7634860.0,17.7725,002735.csv
2016-03-08,17.67,17.69,18.12,17.0,26003.0,69295080.0,18.27,18.06,18.47,16.67,34690.0,93927336.0,16.3375,002738.csv
2018-11-19,15.8,15.85,16.05,15.8,10325.0,16473664.0,16.08,15.96,16.14,15.75,17492.0,27973332.0,15.4825,002738.csv
2019-07-08,17.52,17.8,17.95,17.3,22733.0,40257988.0,17.95,17.84,17.95,17.21,25288.0,44504860.0,17.39,002738.csv
2017-04-24,34.06,34.48,34.57,33.81,29334.0,152710640.0,34.65,34.6,35.1,33.67,39122.0,204417616.0,33.8,002739.csv
2018-12-13,6.17,6.24,6.3,6.17,44734.0,28124962.0,6.28,6.26,6.35,6.14,49940.0,31488670.0,6.0525,002743.csv
2019-03-13,18.43,19.25,19.25,18.43,86891.0,252249264.0,21.21,19.33,21.21,18.34,270881.0,828368192.0,16.625,002746.csv
2016-08-04,16.17,16.39,16.47,16.13,27327.0,45961528.0,16.46,16.42,16.48,16.11,28982.0,48551064.0,16.0625,002748.csv
2018-09-13,26.25,26.43,26.48,26.17,2976.0,7840901.5,26.69,26.5,26.78,25.98,3988.0,10561625.0,25.35,002751.csv
2019-05-10,8.76,8.89,9.01,8.75,11585.0,10629425.0,9.06,9.04,9.1,8.67,20899.0,19251750.0,8.885000000000002,002753.csv
2017-08-04,26.88,26.96,27.15,26.67,18192.0,49028600.0,27.02,27.0,27.14,26.42,21251.0,56965216.0,26.595,002759.csv
2019-07-15,8.47,8.54,8.61,8.47,6566.0,5618019.5,8.57,8.55,8.66,8.4,12927.0,11019709.0,8.4175,002763.csv
2016-11-15,26.68,26.84,26.9,26.65,28815.0,78186352.0,26.95,26.94,26.98,26.57,35734.0,97011320.0,27.18,002768.csv
2017-08-08,21.72,21.84,22.23,21.72,11531.0,25610330.0,21.95,21.9,22.2,21.63,15513.0,34462512.0,21.7325,002768.csv
2017-02-10,5.75,5.76,5.81,5.75,28746.0,31694468.0,5.78,5.77,5.8,5.73,30740.0,33912836.0,5.745,002770.csv
2018-09-13,3.21,3.22,3.25,3.19,74356.0,24114204.0,3.26,3.24,3.26,3.18,74997.0,24281956.0,3.0949999999999998,002770.csv
2016-06-20,13.34,13.42,13.68,13.29,22186.0,68510016.0,13.55,13.51,13.64,13.16,23652.0,72614864.0,13.807500000000001,002776.csv
2018-12-10,17.96,17.99,18.45,17.9,4733.0,11280730.0,18.22,18.1,18.31,17.69,5821.0,13793733.0,17.487499999999997,002777.csv
2018-11-08,15.56,15.62,15.77,15.5,9489.0,14891539.0,15.76,15.67,15.96,15.49,10415.0,16438273.0,15.625,002778.csv
2018-05-18,19.14,19.25,19.43,19.07,5521.0,10700768.0,19.39,19.27,19.45,18.96,6283.0,12190707.0,18.9525,002781.csv
2019-05-10,15.1,15.16,15.34,15.1,7449.0,11383728.0,15.54,15.46,15.68,14.94,7612.0,11778630.0,15.614999999999998,002781.csv
2018-11-29,7.29,7.47,7.49,7.09,22060.0,16263796.0,7.51,7.49,7.56,7.02,22176.0,16382575.0,7.3375,002787.csv
2016-11-10,52.4,52.57,55.31,51.58,32913.0,299127872.0,53.4,53.13,53.81,51.57,33057.0,297972832.0,51.522499999999994,002789.csv
2018-01-24,9.95,9.99,10.07,9.89,3711.0,9894224.0,10.05,10.04,10.06,9.88,3960.0,10567958.0,9.915,002790.csv
2017-04-20,16.29,16.52,16.64,16.22,6210.0,30502484.0,16.61,16.58,16.64,16.09,8364.0,40871280.0,15.5075,002798.csv
2018-07-06,26.61,26.73,26.73,26.61,22520.0,62430768.0,27.8,26.84,28.6,25.89,63459.0,180345520.0,24.8675,002802.csv
2018-01-17,17.78,17.86,18.03,17.78,7592.0,20479214.0,17.97,17.89,17.97,17.29,9483.0,25255754.0,17.5975,002805.csv
2019-06-18,16.35,16.5,16.71,16.2,11362.0,18749930.0,16.6,16.52,16.68,16.1,15836.0,25924168.0,16.6175,002806.csv
2017-08-08,31.28,31.72,31.9,31.28,8209.0,26075970.0,31.81,31.74,32.16,31.23,10496.0,33286834.0,30.8325,002813.csv
2016-11-21,29.96,30.22,30.94,29.86,65790.0,406965056.0,30.31,30.27,30.36,28.86,75007.0,451436064.0,29.165,002815.csv
2019-06-20,18.07,18.29,18.33,18.07,2793.0,5097766.0,18.51,18.42,18.6,18.01,4073.0,7518108.0,18.400000000000002,002816.csv
2018-05-28,81.08,82.41,83.47,81.07,24613.0,204124496.0,82.98,82.96,85.15,80.71,28789.0,240862640.0,81.1775,002821.csv
2017-10-16,16.11,16.43,16.48,16.0,21558.0,60177180.0,16.49,16.47,16.52,15.62,31562.0,87228600.0,15.415,002828.csv
2018-12-20,17.71,17.83,18.28,17.71,5902.0,23634896.0,17.87,17.84,18.23,17.54,9594.0,38133040.0,17.8275,002831.csv
2019-07-22,24.72,24.88,25.0,24.56,11628.0,28805368.0,25.33,25.01,25.48,24.5,13567.0,33792192.0,24.91,002832.csv
2019-05-30,15.9,16.0,16.16,15.72,16915.0,27125392.0,16.1,16.07,16.12,15.51,18237.0,28884304.0,15.659999999999998,002837.csv
2018-01-29,13.25,13.31,13.41,13.24,2047.0,8799477.0,13.36,13.35,13.38,13.02,5205.0,22256804.0,13.7,002838.csv
2019-02-21,15.32,15.33,15.85,15.2,66658.0,103359136.0,15.53,15.39,15.86,14.92,109468.0,169056432.0,15.7475,002840.csv
2019-01-03,9.39,9.42,9.54,9.38,9219.0,14032540.0,9.52,9.5,9.62,9.37,10373.0,15886675.0,9.66,002842.csv
2017-12-18,14.49,14.68,14.8,14.41,12226.0,17897508.0,14.76,14.72,14.84,14.4,16043.0,23469082.0,14.5325,002848.csv
2019-06-27,16.44,16.94,16.94,16.28,130165.0,217946304.0,18.4,17.31,18.63,15.76,519784.0,920963584.0,15.297500000000001,002848.csv
2018-10-17,10.81,10.89,11.02,10.73,14172.0,15964477.0,11.14,10.98,11.22,10.68,16188.0,18356934.0,10.822499999999998,002852.csv
2019-03-01,14.09,14.17,14.35,14.04,22535.0,32897694.0,14.24,14.21,14.37,13.99,25112.0,36589852.0,14.2725,002852.csv
2019-08-09,12.71,12.82,12.83,12.59,11758.0,14965300.0,13.15,13.09,13.18,12.55,14860.0,19196512.0,12.8625,002852.csv
2017-09-14,16.35,16.36,16.44,16.28,12378.0,20292424.0,16.38,16.37,16.58,16.22,20582.0,33745696.0,15.9725,002855.csv
2017-06-30,21.76,21.94,22.14,21.76,3393.0,11987627.0,22.12,22.06,22.16,21.72,3941.0,13934848.0,21.8575,002857.csv
2018-11-28,11.24,11.33,11.44,11.16,13211.0,14984396.0,11.41,11.36,11.42,11.01,16820.0,19035280.0,11.245000000000001,002857.csv
2017-05-04,76.84,77.7,77.7,74.17,46497.0,357298080.0,78.97,78.11,81.75,71.04,100330.0,769187648.0,67.03,002858.csv
2018-09-13,19.05,19.15,19.25,19.0,4060.0,7843805.0,19.3,19.23,19.45,18.95,4994.0,9679008.0,18.34,002861.csv
2019-02-21,6.48,6.5,6.56,6.41,33792.0,21981392.0,6.52,6.51,6.64,6.39,55739.0,36606540.0,6.63,002863.csv
2018-09-13,38.42,39.08,39.3,38.15,13135.0,51169112.0,39.15,39.12,39.42,37.94,18016.0,70156432.0,36.7025,002864.csv
2018-10-17,33.7,33.84,35.35,33.55,12002.0,41248528.0,34.46,33.92,34.81,33.11,12055.0,40981588.0,31.705000000000005,002864.csv
2017-08-10,17.36,17.39,17.45,17.32,17868.0,49422812.0,17.44,17.41,17.61,17.31,23641.0,65666836.0,17.505,002867.csv
2018-11-12,20.25,20.31,20.41,20.0,16009.0,49690548.0,20.41,20.37,20.41,19.85,21567.0,66415116.0,20.195,002867.csv
2018-10-17,14.04,14.1,14.23,13.92,3226.0,4618077.0,14.31,14.21,14.37,13.73,4112.0,5901220.5,14.01,002868.csv
2019-05-10,22.67,22.74,23.01,22.48,53353.0,122570000.0,22.92,22.89,23.21,22.08,74149.0,170591312.0,21.4925,002868.csv
2018-01-05,31.04,31.05,31.32,30.95,5893.0,18531862.0,31.19,31.13,31.32,30.85,5908.0,18564050.0,29.9375,002869.csv
2018-12-13,15.36,15.44,15.59,15.36,3122.0,4897576.0,15.59,15.55,15.61,15.34,3464.0,5437163.5,14.787500000000001,002870.csv
2018-09-13,17.86,17.97,18.1,17.67,7061.0,12701091.0,18.08,18.0,18.24,17.59,9091.0,16269228.0,17.09,002873.csv
2019-03-26,35.46,36.28,37.16,35.46,19084.0,91123960.0,36.9,36.82,37.14,34.17,23694.0,110088064.0,33.1475,002876.csv
2019-07-04,44.51,45.02,45.58,44.51,4937.0,22315206.0,45.18,45.05,45.18,44.42,5276.0,23624732.0,44.552499999999995,002880.csv
2018-10-17,11.31,11.45,11.85,11.31,13522.0,23454872.0,11.74,11.56,11.88,11.12,17443.0,30387984.0,11.2,002885.csv
2018-01-03,36.67,36.97,37.14,36.45,15354.0,56690344.0,37.18,37.06,37.24,36.1,24833.0,91355416.0,35.8775,002886.csv
2018-10-17,16.36,16.7,17.0,16.28,15957.0,27194114.0,16.91,16.9,17.09,16.26,17777.0,30537138.0,16.575,002888.csv
2018-09-13,17.65,17.69,17.79,17.6,1595.0,4811556.0,17.77,17.72,17.83,17.49,1646.0,4962558.0,17.4075,002891.csv
2018-12-13,15.29,15.44,15.49,15.23,11310.0,17594926.0,15.5,15.47,15.54,15.11,14104.0,22009420.0,14.825,002898.csv
2018-10-17,11.08,11.17,11.37,11.04,13636.0,22964430.0,11.29,11.28,11.41,10.79,15023.0,25328784.0,10.872499999999999,002902.csv
2019-07-15,13.42,13.54,13.55,13.38,12232.0,16506699.0,13.78,13.69,13.78,13.33,15467.0,20908012.0,13.3375,002917.csv
2018-04-18,27.19,27.47,28.45,27.12,76327.0,316939968.0,28.6,27.67,28.8,26.61,78447.0,324924672.0,24.090000000000003,002919.csv
2019-07-12,14.3,14.39,14.53,14.3,7364.0,10610198.0,14.47,14.46,14.53,14.28,7379.0,10639142.0,14.405000000000001,002922.csv
2018-05-15,12.51,12.58,12.74,12.51,184017.0,232316672.0,12.7,12.66,12.7,12.41,222665.0,279392032.0,12.477500000000001,002926.csv
2019-06-13,11.5,11.58,11.67,11.45,32921.0,38068288.0,11.69,11.62,11.71,11.43,33445.0,38704208.0,11.329999999999998,002928.csv
2019-05-10,18.61,19.32,20.13,18.6,172755.0,334960224.0,19.98,19.56,20.11,18.53,186114.0,363117440.0,17.905,002937.csv
2019-05-22,21.05,21.17,21.31,20.9,30603.0,64637784.0,21.31,21.25,21.45,20.42,45041.0,94670912.0,20.7975,002951.csv
2019-05-10,18.5,18.54,19.07,18.45,69337.0,130192504.0,18.98,18.94,19.18,18.24,76345.0,143961520.0,18.82,300001.csv
2017-07-06,12.14,12.18,12.2,12.04,30984.0,37678720.0,12.2,12.19,12.28,11.94,37957.0,46178696.0,11.775,300004.csv
2017-08-08,11.11,11.15,11.22,11.1,23354.0,26089892.0,11.24,11.23,11.24,11.06,30994.0,34643584.0,10.8825,300004.csv
2018-09-13,7.42,7.44,7.58,7.39,80259.0,59950044.0,7.52,7.49,7.57,7.32,102271.0,76098128.0,7.109999999999999,300010.csv
2016-11-02,10.8,10.84,10.86,10.72,44241.0,72195736.0,10.9,10.86,11.02,10.68,86051.0,141385472.0,10.295,300013.csv
2019-07-12,9.79,9.9,10.09,9.73,9673.0,14441313.0,10.04,9.96,10.09,9.55,18764.0,18636104.0,9.587499999999999,300013.csv
2019-05-20,5.62,6.12,6.12,5.62,189127.0,114646480.0,6.73,6.15,6.73,5.51,716327.0,458285376.0,5.8025,300025.csv
2017-09-18,15.18,15.22,15.32,15.18,22048.0,33591596.0,15.27,15.23,15.29,15.14,31753.0,48263620.0,14.9075,300032.csv
2016-10-26,66.03,66.2,67.41,65.9,45046.0,309555968.0,66.62,66.31,67.72,65.77,51306.0,354119584.0,67.9225,300033.csv
2016-03-08,15.53,15.71,16.07,15.46,76519.0,159246128.0,15.92,15.88,15.99,15.06,109915.0,224449072.0,14.6325,300034.csv
2016-08-22,21.21,21.24,21.35,21.1,25481.0,54796864.0,21.31,21.25,21.6,20.96,47027.0,101465360.0,20.752499999999998,300034.csv
2018-04-16,20.44,20.61,20.9,20.44,37713.0,79434832.0,20.68,20.62,21.21,20.31,57604.0,121981120.0,19.47,300037.csv
2018-09-07,9.87,9.92,10.1,9.83,102086.0,102618136.0,9.95,9.93,10.19,9.78,111753.0,112442096.0,9.7,300038.csv
2016-04-08,19.95,20.11,20.5,19.79,30173.0,93655512.0,20.49,20.28,20.49,19.31,31620.0,97022496.0,20.41,300042.csv
2017-11-27,4.15,4.18,4.27,4.15,35907.0,15145282.0,4.23,4.22,4.27,4.13,47976.0,20259076.0,4.1325,300048.csv
2016-05-16,20.3,20.47,20.75,20.2,33977.0,70525120.0,20.69,20.63,20.69,19.93,38076.0,78431896.0,19.6425,300049.csv
2016-03-08,16.88,17.17,17.55,16.87,153934.0,267584480.0,17.26,17.23,17.26,15.87,177260.0,298313408.0,16.465000000000003,300055.csv
2016-08-31,12.42,12.44,12.58,12.41,17122.0,43020416.0,12.49,12.46,12.52,12.18,20599.0,51258672.0,12.315000000000001,300062.csv
2018-11-28,5.23,5.24,5.26,5.17,34818.0,18342256.0,5.34,5.27,5.35,5.13,43373.0,22901956.0,5.17,300062.csv
2016-03-16,20.05,20.08,21.14,19.85,60584.0,124501848.0,20.85,20.54,21.18,19.68,64349.0,132036880.0,21.945,300069.csv
2017-09-11,37.84,37.96,38.7,37.79,3766.0,14362921.0,38.4,37.97,38.4,37.4,6002.0,22731646.0,36.6325,300069.csv
2017-03-23,31.09,31.31,31.58,30.83,114411.0,699246272.0,31.56,31.44,32.2,30.8,151877.0,942766720.0,30.5225,300072.csv
2016-11-09,17.62,17.73,17.86,17.59,69943.0,124512440.0,17.75,17.74,18.0,17.44,73036.0,130123368.0,18.2775,300081.csv
2017-08-31,9.34,9.4,9.56,9.28,416843.0,394160544.0,9.45,9.44,9.47,9.21,454477.0,423814240.0,9.1675,300083.csv
2017-08-08,8.51,8.55,8.63,8.49,26015.0,22352120.0,8.6,8.58,8.62,8.47,30834.0,26414430.0,8.350000000000001,300084.csv
2019-07-22,5.15,5.26,5.36,5.12,87303.0,45693892.0,5.33,5.28,5.49,5.05,145960.0,77325200.0,5.3325000000000005,300084.csv
2018-12-13,6.26,6.28,6.42,6.25,28955.0,18337090.0,6.34,6.32,6.36,6.2,29064.0,18377808.0,6.035,300092.csv
2018-11-27,6.2,6.21,6.33,6.15,59820.0,37383720.0,6.26,6.22,6.31,6.13,80226.0,50144324.0,5.8725000000000005,300098.csv
2016-10-17,34.41,34.65,35.04,34.41,14258.0,49685020.0,34.98,34.76,35.2,34.15,20802.0,73022848.0,34.92,300100.csv
2016-11-09,9.24,9.26,9.4,9.16,156828.0,146499200.0,9.34,9.3,9.61,9.1,195617.0,184491616.0,9.254999999999999,300102.csv
2018-11-19,4.18,4.2,4.24,4.15,32260.0,13552588.0,4.23,4.22,4.23,4.14,33170.0,13870270.0,4.0675,300105.csv
2019-07-22,4.58,4.6,4.73,4.57,66761.0,31037234.0,4.62,4.61,4.79,4.53,108464.0,50378620.0,4.6025,300105.csv
2016-11-11,43.42,43.81,44.35,43.24,23308.0,133316568.0,44.19,43.83,44.3,43.08,25597.0,146045328.0,43.087500000000006,300109.csv
2018-01-22,15.87,15.88,15.94,15.83,59923.0,95489840.0,15.93,15.9,16.0,15.77,70213.0,111660184.0,15.83,300110.csv
2017-02-17,15.87,15.89,15.97,15.71,13073.0,31273986.0,16.03,16.0,16.03,15.58,17778.0,42326492.0,15.785,300114.csv
2016-08-25,17.31,17.47,17.6,17.31,72165.0,128291936.0,17.49,17.48,17.53,17.01,91844.0,161670816.0,17.3175,300118.csv
2018-01-24,15.8,16.02,16.07,15.8,24434.0,40969004.0,16.13,16.1,16.18,15.78,27898.0,46943708.0,15.742500000000001,300127.csv
2016-04-07,6.45,6.49,6.56,6.34,88264.0,136481456.0,6.51,6.5,6.65,6.33,115898.0,180567456.0,6.3075,300128.csv
2017-07-05,11.4,11.41,11.46,11.34,42772.0,49189164.0,11.46,11.42,11.49,11.19,55675.0,63608720.0,10.450000000000001,300133.csv
2016-04-20,19.14,19.19,19.36,18.82,62873.0,192688992.0,19.7,19.61,20.08,18.7,176252.0,555770816.0,19.497500000000002,300136.csv
2019-07-25,3.77,3.86,4.0,3.77,149893.0,58324368.0,3.88,3.87,3.93,3.74,179310.0,69305304.0,3.91,300148.csv
2016-05-17,16.91,17.36,17.36,16.87,59609.0,103351560.0,17.42,17.37,17.65,16.79,91913.0,159875664.0,16.009999999999998,300149.csv
2019-05-16,4.86,4.96,5.15,4.86,1087284.0,544492608.0,5.07,5.04,5.28,4.8,1136171.0,569452032.0,4.565,300152.csv
2017-02-23,28.36,28.58,28.87,28.31,43361.0,124354312.0,28.82,28.65,28.82,28.2,60238.0,172500048.0,28.4375,300156.csv
2019-07-22,4.95,5.04,5.08,4.92,131728.0,65953888.0,5.1,5.05,5.14,4.82,136024.0,67466112.0,5.1175,300157.csv
2016-04-25,7.26,7.34,7.39,7.24,17016.0,27123710.0,7.49,7.37,7.5,7.2,18357.0,29278314.0,7.275,300158.csv
2018-12-12,3.88,3.89,3.93,3.87,18470.0,7205983.5,3.92,3.91,3.92,3.84,37580.0,14553498.0,3.77,300158.csv
2017-07-10,13.11,13.18,13.21,13.07,25855.0,34205068.0,13.23,13.21,13.23,13.03,31550.0,41637388.0,12.69,300159.csv
2018-09-13,7.06,7.1,7.22,7.05,58034.0,41622580.0,7.18,7.11,7.2,6.98,67118.0,47678536.0,6.895,300159.csv
2017-08-24,7.49,7.53,7.6,7.49,38295.0,29317426.0,7.56,7.54,7.56,7.47,42807.0,32639446.0,7.5175,300165.csv
2018-12-13,4.3,4.32,4.36,4.29,24682.0,10763648.0,4.37,4.33,4.38,4.25,42644.0,18651494.0,4.2375,300165.csv
2016-08-31,23.45,23.47,23.76,23.35,103721.0,244997536.0,23.57,23.51,23.63,23.21,104334.0,245537728.0,22.78,300168.csv
2016-09-23,10.55,10.61,10.73,10.53,51552.0,54933464.0,10.63,10.62,10.67,10.49,51770.0,54902992.0,10.2425,300169.csv
2018-10-10,6.3,6.31,6.4,6.29,4951.0,3154034.0,6.35,6.32,6.4,6.28,6579.0,4196523.0,5.375,300171.csv
2017-10-30,28.88,28.93,29.19,28.55,3393.0,9882364.0,29.08,28.96,29.15,28.05,5352.0,15489623.0,28.625,300174.csv
2018-04-18,26.65,26.98,27.55,26.65,3949.0,10788946.0,27.18,27.17,27.2,26.24,8707.0,23396460.0,26.4775,300174.csv
2018-04-23,26.9,26.93,27.18,26.53,3751.0,10095604.0,27.37,27.06,27.37,26.4,4608.0,12392389.0,26.095,300174.csv
2018-10-17,3.28,3.3,3.39,3.28,14217.0,4740608.0,3.36,3.35,3.39,3.27,18487.0,6173272.0,3.245,300175.csv
2019-05-22,6.89,6.97,7.21,6.89,295791.0,209666768.0,7.06,7.03,7.2,6.77,329370.0,231519440.0,6.2375,300175.csv
2018-12-18,38.45,38.55,38.99,38.35,5666.0,21933644.0,38.8,38.56,38.89,38.24,6258.0,24162588.0,37.695,300176.csv
2019-02-22,38.2,38.4,39.2,38.2,6020.0,23335042.0,38.8,38.61,38.8,37.99,7159.0,27396730.0,38.527499999999996,300176.csv
2019-03-06,45.0,47.59,48.28,45.0,61618.0,287516992.0,49.0,47.81,49.6,44.69,68098.0,316698912.0,45.142500000000005,300176.csv
2019-05-10,18.86,19.05,19.91,18.64,223630.0,434259200.0,19.49,19.31,19.65,18.18,259800.0,498924992.0,18.86,300176.csv
2018-09-07,8.33,8.43,8.61,8.29,65442.0,83352920.0,8.49,8.45,8.69,8.28,84151.0,107900816.0,8.299999999999999,300177.csv
2018-01-29,13.82,13.84,14.0,13.69,34197.0,47563456.0,14.04,13.94,14.04,13.62,41607.0,57838388.0,13.085,300178.csv
2016-03-16,10.55,10.6,10.79,10.48,75413.0,121493096.0,10.75,10.66,10.9,10.4,95004.0,153456768.0,11.48,300182.csv
2016-10-21,11.71,11.72,11.82,11.67,51480.0,60877128.0,11.76,11.73,11.78,11.52,53623.0,62993908.0,11.620000000000001,300182.csv
2017-09-25,11.01,11.02,11.1,10.98,17190.0,19006694.0,11.08,11.06,11.24,10.97,21972.0,24436734.0,10.9925,300187.csv
2018-09-13,19.24,19.32,19.77,18.99,116926.0,227943744.0,19.92,19.58,20.0,18.95,137450.0,269030080.0,17.1075,300188.csv
2017-02-23,14.87,14.94,15.13,14.81,24734.0,36997436.0,15.06,14.98,15.06,14.77,32356.0,48231636.0,14.96,300192.csv
2018-01-04,13.65,13.72,13.8,13.63,7276.0,10315770.0,13.75,13.74,13.75,13.61,8432.0,11905129.0,13.6075,300195.csv
2019-07-02,24.31,24.36,24.68,24.16,36342.0,88836104.0,24.43,24.37,24.48,23.76,53763.0,130416560.0,23.732499999999998,300203.csv
2019-07-22,21.72,21.95,22.23,21.72,32565.0,71710768.0,21.99,21.97,22.38,21.41,43683.0,95325416.0,22.2325,300203.csv
2019-05-30,14.55,14.57,14.68,14.45,8255.0,12022123.0,14.8,14.58,14.8,14.33,8793.0,12726960.0,14.219999999999999,300204.csv
2019-07-10,11.34,11.38,11.57,11.33,7610.0,8690481.0,11.5,11.45,11.55,11.3,9312.0,10629718.0,11.317499999999999,300204.csv
2019-05-30,6.16,6.19,6.31,6.14,32823.0,20493934.0,6.27,6.26,6.36,6.12,42891.0,26714088.0,6.1225000000000005,300211.csv
2017-07-05,24.69,24.87,24.92,24.59,26691.0,66338612.0,24.91,24.89,25.01,24.45,35620.0,88393744.0,24.3175,300216.csv
2016-02-23,12.46,12.6,12.72,12.4,20071.0,25711750.0,12.72,12.68,12.74,12.34,21633.0,27707154.0,11.295,300218.csv
2019-01-09,7.43,7.46,7.51,7.43,22020.0,17103556.0,7.52,7.51,7.7,7.42,34523.0,27232066.0,7.327500000000001,300219.csv
2019-03-01,7.66,7.74,7.86,7.66,49936.0,40276256.0,7.83,7.75,7.87,7.55,51687.0,41306880.0,7.855,300219.csv
2016-07-05,24.48,24.49,24.49,23.8,145282.0,357712800.0,25.77,24.5,25.77,23.69,499463.0,1248131968.0,24.6625,300221.csv
2017-08-01,20.47,20.48,20.71,20.39,22665.0,55931452.0,20.55,20.54,20.59,20.19,23436.0,57406140.0,20.125,300223.csv
2016-09-01,13.55,13.66,13.79,13.55,26070.0,54705468.0,13.72,13.68,13.79,13.54,31490.0,65786680.0,13.532499999999999,300224.csv
2016-04-20,23.05,23.72,23.78,22.96,170696.0,404226880.0,24.7,23.96,25.7,22.8,409309.0,1006859200.0,22.0175,300229.csv
2019-05-15,17.86,17.89,18.29,17.84,5407.0,9734917.0,18.11,17.94,18.11,17.79,8316.0,14906794.0,17.3575,300233.csv
2016-01-06,19.98,20.48,22.19,19.98,70372.0,146419152.0,20.98,20.52,20.98,19.24,73001.0,146948496.0,16.6525,300234.csv
2016-04-14,17.86,17.93,18.29,17.86,40217.0,72891936.0,18.75,18.03,18.75,17.85,57751.0,105150376.0,17.3475,300234.csv
2018-11-05,8.84,8.94,8.98,8.8,24369.0,21688852.0,9.0,8.96,9.28,8.76,37550.0,33830680.0,8.6725,300235.csv
2018-09-12,6.77,6.78,6.82,6.72,34001.0,23028330.0,6.82,6.8,6.82,6.69,39588.0,26746692.0,6.6725,300237.csv
2016-03-21,15.74,15.8,16.48,15.73,70605.0,226947984.0,16.25,15.86,16.33,15.35,73215.0,230964960.0,14.897499999999999,300242.csv
2017-11-17,10.88,10.92,11.11,10.8,17000.0,20771310.0,10.96,10.94,11.42,10.79,47730.0,59320856.0,10.537500000000001,300243.csv
2016-12-21,33.6,33.68,34.12,33.6,34019.0,115305296.0,33.98,33.7,34.28,33.34,48626.0,164472192.0,32.36,300244.csv
2016-09-22,9.85,9.88,10.08,9.85,109749.0,109846520.0,9.95,9.9,10.04,9.84,123682.0,123442776.0,9.3125,300247.csv
2018-05-31,10.65,10.75,11.01,10.48,235988.0,254816048.0,10.8,10.77,10.97,10.23,480550.0,507210272.0,9.817499999999999,300251.csv
2018-09-13,9.76,9.85,10.07,9.75,106779.0,106446704.0,10.06,10.04,10.15,9.69,124953.0,124794240.0,9.4275,300252.csv
2016-03-08,16.58,16.77,17.32,16.58,34968.0,71472904.0,17.02,16.8,17.02,15.49,44005.0,87328640.0,16.4725,300254.csv
2016-08-03,19.47,19.57,19.74,19.36,19627.0,38578768.0,19.65,19.63,19.85,19.29,26610.0,52360832.0,19.177500000000002,300254.csv
2016-06-20,7.73,7.83,7.94,7.73,38383.0,30438658.0,7.87,7.86,7.89,7.6,57010.0,44758696.0,7.835,300255.csv
2018-09-13,4.81,4.83,4.88,4.8,26676.0,12993659.0,4.87,4.85,4.89,4.78,28326.0,13779078.0,4.66,300255.csv
2016-08-03,14.58,14.62,14.72,14.44,17647.0,26442210.0,14.68,14.64,14.68,14.2,33965.0,50536656.0,14.415000000000001,300258.csv
2018-05-18,4.81,4.86,4.93,4.8,59735.0,64537772.0,4.9,4.87,4.92,4.76,60579.0,65320084.0,4.585,300259.csv
2018-11-05,4.45,4.49,4.55,4.43,21280.0,9522589.0,4.53,4.5,4.58,4.4,25205.0,11320622.0,4.452500000000001,300264.csv
2017-11-06,10.32,10.34,10.48,10.29,15182.0,15816205.0,10.4,10.36,10.43,10.26,15500.0,16101566.0,10.365,300265.csv
2017-02-10,13.25,13.29,13.41,13.25,21227.0,28437672.0,13.45,13.35,13.46,13.2,26671.0,35613380.0,13.2325,300267.csv
2018-12-13,6.91,6.95,7.02,6.91,24905.0,17337380.0,7.04,6.97,7.07,6.9,32850.0,22963378.0,6.5625,300270.csv
2016-05-11,17.21,17.32,17.55,17.14,49355.0,86366032.0,17.39,17.34,17.56,17.09,63148.0,110691560.0,17.1075,300271.csv
2016-10-21,20.61,20.84,20.94,20.53,61232.0,128371288.0,21.0,20.94,21.26,20.44,70852.0,148363456.0,20.705,300271.csv
2016-03-08,15.1,15.36,15.87,15.1,31342.0,48443652.0,15.51,15.45,15.56,13.9,64193.0,94911416.0,15.032499999999999,300275.csv
2017-04-11,32.3,33.43,33.59,32.03,104561.0,343801184.0,35.95,33.98,35.95,30.09,200314.0,652410880.0,29.29,300275.csv
2019-03-22,9.51,9.65,9.74,9.51,37019.0,35731640.0,9.87,9.73,9.87,9.45,41162.0,39665688.0,9.205,300275.csv
2016-10-17,19.93,20.16,20.17,19.89,16520.0,33214328.0,20.26,20.23,20.43,19.8,19105.0,38650996.0,19.907500000000002,300278.csv
2016-09-22,31.93,31.95,32.53,31.81,13264.0,42669696.0,32.18,32.14,32.49,31.62,15751.0,50489136.0,32.305,300280.csv
2017-02-10,30.03,30.24,30.36,30.03,6847.0,20674280.0,30.43,30.29,30.43,29.83,8910.0,26749636.0,29.435,300280.csv
2017-08-23,30.66,30.67,30.86,30.65,4172.0,12842683.0,30.95,30.86,31.0,30.49,6895.0,21208736.0,30.545,300280.csv
2019-01-28,32.35,32.38,32.49,32.3,3452.0,11183383.0,32.47,32.44,32.78,32.28,3561.0,11540902.0,32.1525,300280.csv
2017-07-05,10.61,10.63,10.73,10.61,4267.0,6836151.5,10.67,10.66,10.72,10.57,5116.0,8186726.5,10.334999999999999,300281.csv
2018-05-24,13.85,13.86,14.01,13.73,27287.0,57104160.0,13.9,13.87,14.03,13.47,33073.0,68409472.0,13.159999999999998,300285.csv
2019-06-18,15.89,15.99,16.22,15.86,25255.0,40500396.0,16.08,16.05,16.3,15.79,38000.0,60988416.0,16.14,300285.csv
2019-05-30,9.91,9.95,9.99,9.86,5025.0,4998802.5,10.02,9.97,10.02,9.72,6101.0,6018738.5,9.745000000000001,300286.csv
2018-10-10,6.17,6.21,6.29,6.15,14644.0,9067805.0,6.24,6.22,6.29,6.13,20589.0,12776162.0,5.53,300289.csv
2016-02-22,26.72,27.01,27.4,26.68,80515.0,218608400.0,27.36,27.1,27.59,26.59,84636.0,229988912.0,23.7925,300291.csv
2016-07-27,44.44,45.34,45.39,44.43,23527.0,159232848.0,45.63,45.49,47.53,44.32,72002.0,497613088.0,45.13,300294.csv
2016-02-22,6.69,6.7,6.87,6.67,36803.0,76811760.0,6.77,6.73,6.86,6.55,37492.0,77374464.0,6.1425,300296.csv
2017-03-03,12.42,12.5,12.6,12.42,32956.0,41543676.0,12.58,12.53,12.6,12.35,36766.0,46274960.0,12.782499999999999,300297.csv
2019-07-15,3.82,3.83,3.85,3.8,21660.0,8299310.5,3.87,3.84,3.88,3.77,27803.0,10660341.0,3.7725,300304.csv
2017-11-29,16.93,17.09,17.14,16.8,7651.0,13179692.0,17.22,17.1,17.22,16.77,11264.0,19321460.0,16.965,300306.csv
2016-06-24,12.96,12.99,13.16,12.91,158028.0,211327536.0,13.22,13.12,13.58,12.53,279343.0,376896256.0,13.134999999999998,300307.csv
2016-11-21,18.95,19.01,19.29,18.92,26790.0,71918960.0,19.35,19.27,19.36,18.71,30316.0,81575776.0,17.525,300308.csv
2017-04-14,24.51,24.72,25.22,24.51,9604.0,33565100.0,25.07,24.78,25.07,24.08,11094.0,38332332.0,23.232499999999998,300308.csv
2018-12-06,8.74,8.76,8.93,8.72,31522.0,27852028.0,8.82,8.81,8.93,8.62,42105.0,36849508.0,8.535,300309.csv
2018-11-27,6.7,6.76,6.94,6.67,167979.0,114538896.0,6.78,6.77,6.91,6.57,180184.0,122198400.0,6.3525,300311.csv
2017-10-12,13.73,13.78,13.94,13.66,42928.0,59191728.0,14.0,13.82,14.24,13.65,45066.0,62909808.0,13.087500000000002,300313.csv
2016-06-17,8.87,9.24,9.24,8.87,190166.0,231839424.0,9.75,9.25,9.75,8.75,553390.0,676641664.0,9.605,300316.csv
2016-07-05,9.68,9.82,9.98,9.62,267305.0,348873664.0,9.92,9.86,9.93,9.44,319587.0,414609792.0,9.5225,300316.csv
2019-03-18,14.5,14.67,15.0,14.43,200806.0,297520512.0,14.78,14.72,14.87,14.37,241653.0,356278976.0,15.08,300316.csv
2016-12-20,23.02,23.81,24.1,22.88,73283.0,312338048.0,25.95,23.92,25.95,22.63,395161.0,1764231680.0,21.3625,300317.csv
2017-05-04,7.25,7.26,7.32,7.22,22006.0,16018411.0,7.28,7.27,7.34,7.17,36691.0,26720994.0,7.074999999999999,300318.csv
2017-07-19,7.6,7.66,7.75,7.56,50577.0,38777880.0,7.68,7.67,7.71,7.55,53438.0,40743148.0,7.6274999999999995,300319.csv
2017-02-13,17.05,17.11,17.25,17.03,38903.0,66984996.0,17.31,17.13,17.31,16.94,44627.0,76543488.0,17.03,300322.csv
2018-05-22,10.29,10.39,10.47,10.26,52584.0,54984056.0,10.48,10.42,10.56,10.25,57764.0,60540700.0,9.78,300322.csv
2018-08-17,9.77,9.88,10.08,9.77,45115.0,45101864.0,9.98,9.9,9.98,9.6,55741.0,55268968.0,9.4375,300326.csv
2018-09-13,19.24,19.27,19.41,19.14,12280.0,26613526.0,19.48,19.41,19.61,19.11,16195.0,35218112.0,18.625,300327.csv
2019-07-05,7.69,7.7,7.75,7.68,13916.0,10731609.0,7.75,7.71,7.75,7.65,14256.0,10991619.0,7.397499999999999,300329.csv
2019-03-11,18.49,19.02,19.02,17.99,175602.0,331936480.0,19.37,19.15,19.86,17.41,178295.0,332840032.0,18.025,300331.csv
2016-10-21,13.73,13.74,13.81,13.67,43771.0,91064160.0,13.76,13.75,13.99,13.61,64292.0,134392784.0,13.752500000000001,300336.csv
2017-01-13,22.63,22.75,23.24,22.55,7892.0,18027818.0,22.95,22.83,23.05,22.37,8016.0,18252400.0,22.369999999999997,300338.csv
2016-03-08,9.64,9.79,10.07,9.62,71637.0,70909168.0,9.89,9.82,9.89,9.24,85629.0,82444096.0,9.497499999999999,300345.csv
2017-06-30,15.48,15.55,15.62,15.48,9667.0,23324954.0,15.7,15.6,15.79,15.44,11111.0,26932832.0,16.6325,300347.csv
2017-09-01,17.17,17.22,17.33,17.13,9707.0,25889502.0,17.32,17.29,17.38,17.01,14303.0,38074456.0,17.13,300347.csv
2019-07-01,51.11,51.17,51.9,50.37,37014.0,284380192.0,52.0,51.5,52.33,50.3,79334.0,408354912.0,51.94,300347.csv
2019-03-06,17.24,17.83,18.13,17.1,171216.0,452740512.0,18.02,17.88,18.23,16.7,273495.0,720884544.0,17.5375,300348.csv
2016-03-08,18.41,19.0,19.18,18.41,92043.0,175130368.0,19.36,19.3,19.41,17.61,103190.0,196080096.0,18.64,300351.csv
2017-04-24,10.6,10.71,10.78,10.6,5474.0,19979250.0,10.78,10.74,10.78,10.35,9310.0,33595264.0,10.9575,300357.csv
2017-10-18,14.99,15.02,15.19,14.92,12485.0,18805046.0,15.13,15.11,15.45,14.88,20069.0,30534392.0,14.73,300358.csv
2018-09-13,7.37,7.4,7.54,7.33,73662.0,54698980.0,7.49,7.46,7.49,7.27,77887.0,57537696.0,7.09,300359.csv
2018-10-17,5.73,5.74,5.87,5.65,46028.0,26563016.0,5.87,5.86,5.91,5.6,61966.0,35921224.0,5.7175,300359.csv
2016-08-01,19.68,19.82,20.09,19.63,33652.0,134508944.0,19.88,19.85,20.05,19.38,42197.0,167919472.0,19.45,300369.csv
2016-08-31,19.98,20.03,20.17,19.96,19975.0,80658232.0,20.05,20.04,20.14,19.84,24465.0,98605824.0,19.494999999999997,300369.csv
2017-11-06,4.24,4.26,4.3,4.24,34727.0,14898132.0,4.3,4.28,4.3,4.2,35185.0,15031850.0,4.2425,300370.csv
2017-06-16,20.83,20.89,21.31,20.67,31101.0,92748168.0,21.02,21.01,21.41,20.66,33331.0,100092512.0,20.369999999999997,300371.csv
2017-02-23,19.07,19.2,19.83,19.07,17053.0,33208868.0,19.32,19.24,19.57,19.02,17899.0,34764124.0,18.77,300374.csv
2019-08-09,9.76,9.82,9.92,9.76,63546.0,62622704.0,9.88,9.86,9.98,9.63,94024.0,92419792.0,9.855,300377.csv
2018-09-13,13.05,13.15,13.29,13.05,4699.0,6209316.0,13.27,13.25,13.33,12.95,9609.0,12622504.0,12.51,300379.csv
2019-03-26,7.07,7.11,7.27,7.03,71009.0,52207196.0,7.21,7.12,7.35,6.95,98984.0,72359488.0,7.1975,300382.csv
2016-03-08,14.98,15.54,16.06,14.98,86644.0,272183520.0,15.61,15.58,15.88,14.33,105536.0,322652352.0,14.850000000000001,300383.csv
2016-08-24,18.43,18.5,18.56,18.34,63300.0,234619200.0,18.53,18.52,18.56,18.31,72129.0,267232944.0,17.932499999999997,300383.csv
2018-09-13,14.28,14.37,14.63,14.19,155159.0,224443264.0,14.61,14.44,14.82,14.04,176683.0,254748816.0,13.834999999999999,300383.csv
2018-12-13,13.13,13.18,13.22,13.13,14152.0,18702606.0,13.25,13.21,13.29,13.09,24190.0,32073422.0,12.530000000000001,300384.csv
2018-06-01,8.3,8.48,8.65,8.27,14348.0,12201993.0,8.6,8.5,8.72,8.24,20682.0,17632350.0,8.469999999999999,300387.csv
2019-01-28,14.71,14.73,14.91,14.64,6434.0,9592110.0,15.02,14.8,15.02,14.56,7235.0,10798001.0,14.427499999999998,300389.csv
2018-05-03,11.64,11.69,11.9,11.61,14071.0,16496916.0,11.75,11.7,11.75,11.21,28358.0,32480556.0,11.475,300392.csv
2017-04-24,14.24,14.47,14.55,14.24,14853.0,33060724.0,14.61,14.58,14.73,14.22,19401.0,43481376.0,14.385,300395.csv
2018-09-13,14.55,14.68,14.88,14.47,14532.0,21617626.0,14.8,14.72,14.93,14.45,21344.0,31727240.0,13.9025,300395.csv
2017-03-23,20.87,21.05,21.11,20.71,12787.0,49335872.0,21.11,21.07,21.45,20.62,17364.0,67590272.0,19.532500000000002,300396.csv
2016-11-08,19.69,19.74,19.91,19.67,11989.0,47609700.0,19.86,19.79,19.95,19.61,12771.0,50634744.0,19.1125,300400.csv
2016-04-20,10.43,10.46,10.52,10.33,8261.0,39659636.0,10.72,10.54,10.86,10.14,29787.0,145291776.0,10.045,300403.csv
2018-09-07,5.28,5.31,5.4,5.28,5274.0,4234686.0,5.34,5.32,5.45,5.25,8214.0,6595742.5,5.2124999999999995,300405.csv
2019-07-12,19.33,19.39,19.57,19.21,38392.0,74540880.0,19.51,19.46,19.51,19.09,51474.0,99343280.0,19.64,300408.csv
2017-12-06,19.67,19.69,19.7,19.51,1878.0,6651523.0,19.71,19.7,19.79,19.25,3563.0,12571875.0,19.535000000000004,300411.csv
2019-05-28,42.91,43.4,44.0,42.28,38498.0,166465424.0,44.89,43.5,44.9,42.25,60253.0,261863568.0,40.8225,300413.csv
2019-02-18,8.51,8.55,8.63,8.38,32095.0,52105656.0,8.7,8.58,8.74,8.32,49718.0,80600184.0,8.327499999999999,300414.csv
2016-11-15,38.2,38.38,39.08,38.12,9904.0,38426664.0,38.68,38.53,38.68,37.78,11350.0,43775360.0,37.705000000000005,300416.csv
2018-05-09,25.28,25.43,25.5,25.28,2284.0,5821402.5,25.56,25.47,25.56,25.24,3083.0,7844363.0,25.185000000000002,300416.csv
2018-11-05,16.5,16.71,16.8,16.49,4556.0,7636414.5,16.88,16.83,17.07,16.33,6253.0,10470148.0,16.342499999999998,300416.csv
2018-05-18,21.36,21.64,21.76,21.36,4133.0,9119357.0,21.76,21.71,21.86,21.3,6024.0,13332528.0,21.884999999999998,300417.csv
2018-01-10,9.52,9.53,9.57,9.49,15975.0,15266097.0,9.6,9.57,9.6,9.42,26194.0,24996018.0,9.45,300419.csv
2016-01-22,13.38,13.5,14.1,13.27,10535.0,36556236.0,13.7,13.55,13.82,12.98,14208.0,47929232.0,12.4125,300422.csv
2017-12-18,19.18,19.19,19.32,19.06,9350.0,17991160.0,19.21,19.2,19.38,19.02,11684.0,22478854.0,18.82,300426.csv
2018-09-07,12.13,12.19,12.37,12.12,7095.0,8777037.0,12.22,12.2,12.36,12.08,10258.0,12688275.0,11.5525,300427.csv
2018-09-13,11.73,11.77,11.83,11.64,6654.0,7907537.0,11.82,11.79,11.95,11.57,12284.0,14539412.0,11.242500000000001,300427.csv
2018-08-02,14.64,14.65,15.02,14.44,18409.0,52170388.0,14.81,14.74,15.07,14.03,28484.0,79213728.0,14.08,300429.csv
2018-01-31,17.5,17.53,17.68,17.48,12664.0,22493004.0,17.65,17.54,17.74,17.45,18952.0,33696808.0,15.545,300432.csv
2017-03-07,17.87,18.01,18.14,17.79,15943.0,29151368.0,18.07,18.02,18.12,17.65,26054.0,47365056.0,17.7,300435.csv
2019-05-10,16.8,16.82,17.5,16.38,71056.0,120151216.0,17.49,17.4,17.68,16.24,93573.0,160867232.0,16.759999999999998,300435.csv
2018-04-17,17.91,18.0,18.15,17.7,21269.0,38937528.0,18.07,18.05,18.26,17.44,31130.0,56572848.0,17.05,300437.csv
2018-10-30,15.17,15.23,15.35,15.02,15306.0,23329748.0,15.42,15.31,15.44,14.83,26257.0,39938708.0,15.5425,300438.csv
2017-07-25,10.83,10.98,11.07,10.83,6731.0,13402651.0,11.03,11.01,11.07,10.79,13149.0,26009660.0,11.02,300441.csv
2016-08-31,32.32,32.43,32.59,32.19,8768.0,57259008.0,32.57,32.45,32.66,32.18,9245.0,60305244.0,31.674999999999997,300443.csv
2017-04-14,13.72,13.73,13.91,13.6,20698.0,51868656.0,13.8,13.78,14.08,13.48,26101.0,65501596.0,13.3075,300444.csv
2018-07-13,9.67,10.0,10.26,9.58,343712.0,342638976.0,10.17,10.01,10.36,9.42,404933.0,401683264.0,9.557500000000001,300444.csv
2017-03-13,26.43,26.46,26.66,26.34,8044.0,21506794.0,26.68,26.62,26.68,26.13,11766.0,31505378.0,26.7575,300445.csv
2019-03-29,17.85,18.02,18.47,17.62,22244.0,60925952.0,18.33,18.17,18.43,17.51,26765.0,73338816.0,18.805,300446.csv
2016-02-23,26.37,26.53,26.91,26.13,12713.0,103469504.0,26.62,26.59,27.19,25.85,13979.0,114895896.0,22.162499999999998,300448.csv
2018-04-17,7.01,7.02,7.09,6.89,7170.0,15438030.0,7.06,7.05,7.1,6.86,8797.0,19044672.0,7.105,300448.csv
2017-08-08,16.67,16.73,16.88,16.64,2374.0,6058446.0,16.89,16.8,16.93,16.55,3213.0,8180868.0,16.975,300452.csv
2019-07-17,15.65,15.72,15.87,15.65,9299.0,14663283.0,15.82,15.73,15.85,15.58,9378.0,14727871.0,15.217500000000001,300452.csv
2016-12-15,18.41,18.6,18.97,18.28,9018.0,48466596.0,18.95,18.94,19.16,18.16,9410.0,50880076.0,18.7,300456.csv
2018-05-18,6.11,6.13,6.19,6.08,36944.0,41251160.0,6.16,6.14,6.18,6.06,37009.0,41175028.0,5.9725,300459.csv
2018-12-11,4.1,4.11,4.18,4.04,46772.0,34892128.0,4.16,4.14,4.16,4.0,49126.0,36545268.0,4.065,300459.csv
2017-01-13,24.79,25.06,25.42,24.78,7617.0,19126066.0,25.14,25.1,25.14,23.93,15432.0,37921680.0,22.7,300460.csv
2018-01-22,13.1,13.13,13.4,12.98,5426.0,7201528.0,13.24,13.2,13.35,12.68,7247.0,9466980.0,13.075000000000001,300460.csv
2017-12-12,37.27,37.46,37.46,36.92,1394.0,9365655.0,37.66,37.56,37.66,36.64,3489.0,23407924.0,34.2925,300461.csv
2018-01-24,35.78,36.22,37.72,35.78,5913.0,38876052.0,36.91,36.71,37.46,34.69,8975.0,58092552.0,34.6925,300461.csv
2019-02-22,22.22,22.94,22.94,22.03,37867.0,86087944.0,24.17,23.26,24.27,22.0,69521.0,160439920.0,23.0525,300461.csv
2016-06-22,52.94,53.9,53.9,52.44,23676.0,126654312.0,56.82,54.48,56.82,51.59,67514.0,366426144.0,53.4325,300464.csv
2017-07-05,12.6,12.69,12.79,12.6,13983.0,17737330.0,12.73,12.7,12.73,12.52,14763.0,18669786.0,12.36,300464.csv
2019-04-22,9.11,9.16,9.19,9.11,12034.0,11003969.0,9.19,9.17,9.29,9.06,15895.0,14552448.0,8.895,300464.csv
2019-07-25,7.88,7.9,7.98,7.84,13347.0,10589243.0,7.98,7.96,7.98,7.78,15865.0,12498424.0,7.7175,300464.csv
2017-07-26,14.08,14.16,14.31,13.9,19028.0,26844044.0,14.24,14.23,14.25,13.83,24778.0,34851092.0,14.2475,300471.csv
2018-05-18,19.44,19.62,19.69,19.39,2374.0,8868068.0,19.72,19.63,19.72,19.36,2696.0,10043969.0,19.6575,300478.csv
2016-06-17,55.32,55.85,57.3,54.8,42050.0,472948992.0,56.3,55.9,57.3,54.4,45695.0,512520192.0,53.275000000000006,300484.csv
2017-03-13,20.43,20.5,20.55,20.38,7561.0,31609360.0,20.56,20.53,20.62,20.34,12307.0,51501200.0,20.4725,300485.csv
2018-09-07,13.7,13.75,14.07,13.7,7342.0,10177001.0,13.89,13.87,14.05,13.6,8888.0,12373049.0,13.392499999999998,300486.csv
2017-08-01,13.74,13.76,13.89,13.68,15365.0,21415904.0,13.87,13.78,13.87,13.61,17772.0,24646716.0,13.445,300495.csv
2017-08-01,19.68,19.74,19.88,19.58,10899.0,52371920.0,19.89,19.8,19.89,19.52,12114.0,57994652.0,19.2975,300497.csv
2018-09-13,14.57,14.59,14.67,14.49,5011.0,8826532.0,14.67,14.62,14.75,14.39,5997.0,10562090.0,13.692499999999999,300497.csv
2017-04-24,79.26,79.96,80.26,79.26,3924.0,31417290.0,80.24,80.08,80.76,78.76,5085.0,40728640.0,80.755,300502.csv
2016-12-21,74.71,75.22,75.87,74.5,12255.0,92290632.0,75.9,75.23,75.9,74.1,13106.0,98249080.0,68.78750000000001,300503.csv
2018-08-24,24.58,24.85,25.11,24.42,3424.0,8500547.0,25.06,24.95,25.06,24.38,4616.0,11367557.0,24.942500000000003,300508.csv
2017-10-18,19.16,19.22,19.36,19.16,6091.0,21203082.0,19.3,19.27,19.56,19.0,6423.0,22449668.0,18.662499999999998,300513.csv
2018-09-05,45.83,46.05,46.37,45.73,410.0,1891942.0,46.23,46.08,46.46,45.49,724.0,3338190.0,45.574999999999996,300518.csv
2017-12-14,18.33,18.42,18.53,18.29,2368.0,4488289.0,18.48,18.43,18.55,18.26,2685.0,5093438.0,17.9725,300519.csv
2018-09-13,16.9,16.98,17.06,16.82,11577.0,19987956.0,17.16,17.03,17.18,16.5,16599.0,28472550.0,16.134999999999998,300519.csv
2019-05-10,16.18,16.2,16.53,16.18,7580.0,12425177.0,16.68,16.58,16.77,15.98,12262.0,20165604.0,16.535,300522.csv
2018-05-31,40.87,41.0,41.63,40.0,6788.0,41898044.0,41.23,41.11,41.85,39.87,9006.0,55046500.0,39.150000000000006,300523.csv
2016-11-14,112.69,113.0,113.0,110.03,18176.0,204606320.0,114.92,113.42,119.25,106.92,80963.0,923787392.0,100.69250000000001,300526.csv
2018-01-17,14.93,14.98,15.22,14.88,6555.0,9963094.0,15.04,15.03,15.12,14.64,8244.0,12416642.0,15.36,300537.csv
2016-11-21,45.77,45.87,46.84,45.77,25906.0,179833712.0,46.24,46.16,46.26,44.9,29388.0,200973312.0,46.45249999999999,300541.csv
2019-07-17,24.92,24.96,25.37,24.82,10273.0,25761468.0,25.09,25.02,25.29,24.8,10579.0,26432082.0,23.692500000000003,300546.csv
2018-03-19,14.17,14.18,14.4,14.17,4508.0,24224712.0,14.29,14.28,14.41,14.14,4695.0,25283838.0,13.675,300547.csv
2018-01-17,11.36,11.56,11.63,11.36,10979.0,12729270.0,11.73,11.64,11.73,11.28,13314.0,15430955.0,11.412500000000001,300555.csv
2018-09-13,19.07,19.21,19.5,18.8,20637.0,39785000.0,19.47,19.22,19.6,18.7,26168.0,50315220.0,18.165,300556.csv
2017-09-19,54.61,54.67,54.98,54.5,4227.0,23238736.0,54.72,54.71,55.19,54.45,4762.0,26201730.0,54.03,300558.csv
2018-06-07,64.66,65.72,66.1,64.55,20309.0,133101528.0,66.55,65.79,67.57,64.24,27172.0,178995424.0,63.31,300558.csv
2016-12-07,23.34,23.36,23.72,23.25,12693.0,108316440.0,23.52,23.43,23.53,22.84,14396.0,121194400.0,21.0775,300559.csv
2017-02-22,30.57,31.03,31.4,30.53,5060.0,28379644.0,31.57,31.27,31.57,30.48,7193.0,40266936.0,31.3875,300560.csv
2018-09-13,8.25,8.26,8.34,8.19,9814.0,12316121.0,8.33,8.3,8.34,8.14,13645.0,17092354.0,8.13,300569.csv
2018-12-13,9.02,9.07,9.2,9.02,10424.0,14402415.0,9.17,9.08,9.2,8.99,15562.0,21526646.0,8.465,300569.csv
2017-10-18,23.08,23.3,24.01,23.08,68026.0,164189088.0,23.67,23.49,24.51,22.84,82390.0,200944752.0,23.0625,300570.csv
2019-06-17,30.97,31.18,31.64,30.76,8203.0,25601800.0,31.22,31.19,31.5,30.2,10411.0,32155960.0,32.255,300577.csv
2018-01-10,19.4,19.42,19.47,19.27,1903.0,6670474.0,19.49,19.47,19.73,19.22,2078.0,7307920.0,19.5025,300578.csv
2019-07-31,25.25,25.33,25.72,25.2,27728.0,70658184.0,25.49,25.45,26.0,25.14,29255.0,74905784.0,23.834999999999997,300578.csv
2017-08-01,44.91,45.26,45.51,44.89,5298.0,24075982.0,45.41,45.32,45.42,44.77,6086.0,27595944.0,44.4525,300583.csv
2018-02-23,11.83,11.98,11.99,11.82,1749.0,6115033.0,12.23,12.08,12.26,11.8,1964.0,6952573.0,12.6,300600.csv
2019-04-22,52.1,52.28,52.89,51.75,26415.0,138684976.0,52.75,52.42,53.6,51.52,40883.0,215689072.0,52.27,300601.csv
2018-01-08,17.58,17.69,17.72,17.52,1834.0,9764504.0,17.74,17.72,17.98,17.47,2242.0,11943467.0,18.015,300602.csv
2018-04-12,31.79,32.0,33.62,31.79,21915.0,135899216.0,32.68,32.47,34.16,31.55,26368.0,165232288.0,32.0,300604.csv
2018-08-07,20.17,20.46,21.77,19.96,28700.0,113006664.0,20.89,20.49,20.98,19.25,41060.0,157279488.0,19.32,300604.csv
2018-07-06,11.74,11.8,12.24,11.7,9666.0,22768114.0,11.89,11.86,12.28,11.48,11692.0,21084168.0,12.182500000000001,300605.csv
2017-04-07,42.72,42.99,43.9,42.58,18836.0,81340944.0,44.2,43.66,44.6,42.2,33175.0,144584256.0,38.89,300606.csv
2017-06-28,30.9,31.1,31.15,30.65,6010.0,18606946.0,31.98,31.24,31.98,30.63,6760.0,21055384.0,30.775,300606.csv
2018-08-29,27.21,27.23,27.99,27.05,6212.0,17211960.0,27.75,27.4,27.75,26.86,7604.0,20914562.0,27.03,300609.csv
2019-05-30,9.4,9.46,9.49,9.3,13808.0,13082270.0,9.49,9.47,9.53,9.27,14287.0,13530908.0,10.1825,300611.csv
2019-01-09,57.5,58.12,58.33,57.5,1737.0,10178303.0,58.78,58.26,59.9,57.44,4067.0,24226376.0,57.330000000000005,300616.csv
2018-12-13,12.63,12.65,12.7,12.53,2661.0,4834738.0,12.72,12.71,12.86,12.47,4387.0,8002668.0,12.149999999999999,300622.csv
2018-09-13,20.39,20.42,20.79,20.3,19503.0,60551608.0,20.69,20.58,20.85,20.14,20342.0,63073648.0,18.779999999999998,300623.csv
2017-08-01,28.4,28.48,28.86,28.4,12968.0,37306052.0,28.7,28.5,28.72,28.2,14511.0,41488100.0,27.845,300625.csv
2018-01-08,45.36,45.37,45.68,45.29,5051.0,23049736.0,45.6,45.55,45.65,44.87,5529.0,25137546.0,45.834999999999994,300627.csv
2018-08-02,6.24,6.28,6.31,6.18,18184.0,11445372.0,6.31,6.3,6.31,5.97,36764.0,22757050.0,6.2875,300641.csv
2019-02-12,23.37,23.49,23.65,23.03,10685.0,25049944.0,23.78,23.76,23.78,22.85,14210.0,33596896.0,23.857499999999998,300649.csv
2018-10-17,17.06,17.32,17.55,17.06,7329.0,14076042.0,17.68,17.52,17.82,16.95,9026.0,17513538.0,17.0975,300656.csv
2019-05-30,20.41,20.64,21.23,20.33,17291.0,39848668.0,21.3,20.65,21.3,20.15,18492.0,38358628.0,20.9975,300656.csv
2017-08-08,29.87,29.96,30.3,29.82,8469.0,25539346.0,30.1,30.07,30.15,28.94,11887.0,35436976.0,29.3525,300659.csv
2018-09-05,24.01,24.83,24.83,24.01,38881.0,96360504.0,27.32,25.55,27.32,23.89,167761.0,438642208.0,21.79,300659.csv
2017-11-08,27.21,27.28,27.52,26.55,30291.0,82288808.0,27.85,27.45,28.63,24.54,72923.0,200660176.0,26.217499999999998,300662.csv
2018-09-13,14.74,14.89,15.05,14.69,23581.0,35244768.0,14.97,14.95,15.05,14.65,28622.0,42523260.0,14.274999999999999,300664.csv
2018-09-13,43.54,44.0,44.79,43.42,27644.0,122160048.0,44.64,44.1,44.93,43.2,28096.0,123911888.0,42.57,300666.csv
2019-01-08,18.15,18.35,18.43,18.11,3410.0,6294933.5,18.7,18.39,18.7,18.08,3607.0,6732820.5,18.232499999999998,300669.csv
2019-03-29,36.84,37.37,38.06,36.84,9453.0,35529372.0,37.89,37.52,37.89,36.8,13939.0,52167368.0,36.015,300681.csv
2018-08-02,52.86,53.2,54.31,52.86,10690.0,57734024.0,53.56,53.46,53.97,51.68,14189.0,75410704.0,48.977500000000006,300685.csv
2019-05-10,15.59,15.65,16.29,15.39,40294.0,63878056.0,16.09,16.08,16.19,15.18,51337.0,81773768.0,15.75,300686.csv
2018-10-17,12.39,12.67,13.25,12.39,7142.0,14920653.0,13.03,12.87,13.12,12.13,9941.0,20396116.0,12.477500000000001,300691.csv
2018-12-03,12.99,13.24,13.46,12.94,7358.0,15760262.0,13.89,13.75,13.94,12.62,8788.0,19530936.0,13.335,300691.csv
2018-01-08,67.79,68.3,69.9,67.51,29131.0,200488672.0,70.87,68.36,71.6,67.01,42070.0,292113568.0,62.622499999999995,300700.csv
2019-02-15,9.73,9.76,9.85,9.68,16491.0,24645950.0,9.81,9.77,9.84,9.67,17342.0,25848622.0,9.795,300703.csv
2018-05-03,60.1,60.69,62.19,59.1,36090.0,220280848.0,61.3,60.9,61.82,56.9,41231.0,245871200.0,60.7475,300707.csv
2018-08-21,33.19,33.34,33.58,32.49,4380.0,14512471.0,33.62,33.53,33.62,32.42,4723.0,15757829.0,32.982499999999995,300709.csv
2019-06-11,11.19,11.33,11.42,11.13,10053.0,11414957.0,11.41,11.39,11.47,11.07,16431.0,18674882.0,11.3475,300716.csv
2019-06-20,18.02,18.17,18.3,18.02,12240.0,22264878.0,18.23,18.22,18.29,18.01,12635.0,22950652.0,18.165,300718.csv
2018-11-28,22.11,22.25,22.46,22.02,8798.0,27756876.0,22.39,22.29,22.39,21.74,9300.0,29137548.0,21.302500000000002,300722.csv
2018-09-13,30.66,30.81,31.29,30.66,5027.0,15630372.0,31.28,31.03,31.47,30.34,7432.0,23102702.0,29.790000000000003,300723.csv
2018-11-28,28.3,28.31,28.7,28.12,4435.0,12674302.0,28.57,28.43,28.57,27.37,6776.0,19115874.0,27.84,300723.csv
2019-05-22,62.66,62.89,63.79,62.11,11246.0,70762232.0,63.48,63.12,63.48,60.58,14377.0,89175808.0,59.92,300725.csv
2019-01-22,22.09,22.17,22.27,22.0,5696.0,12734715.0,22.23,22.19,22.39,21.99,7518.0,16804208.0,21.8975,300729.csv
2018-11-05,20.69,20.81,21.03,20.51,35079.0,102184120.0,21.21,21.09,21.56,20.5,41925.0,124555896.0,20.305,300731.csv
2019-07-15,12.35,12.48,12.57,12.35,7357.0,9189318.0,12.55,12.5,12.55,12.16,10492.0,12962381.0,12.295,300733.csv
2019-07-15,32.25,32.45,32.61,32.01,7192.0,23237058.0,32.67,32.52,32.74,31.7,10103.0,32585126.0,31.9,300741.csv
2018-10-30,27.87,27.91,28.6,27.67,9172.0,39014808.0,28.39,28.24,28.45,27.63,12023.0,51200244.0,28.605,300743.csv
2016-02-23,7.95,8.09,8.16,7.94,51208.0,66198220.0,8.11,8.1,8.13,7.91,62435.0,80364472.0,7.550000000000001,600004.csv
2019-06-28,5.27,5.28,5.34,5.23,262372.0,138389264.0,5.35,5.33,5.44,5.2,377357.0,201608656.0,5.449999999999999,600006.csv
2016-03-21,27.82,27.91,28.53,27.67,120532.0,355542816.0,28.05,27.97,28.94,27.55,149226.0,440086720.0,27.602500000000003,600009.csv
2018-12-11,49.28,49.61,50.47,49.28,21470.0,106996032.0,49.8,49.78,50.33,49.18,33095.0,165355344.0,49.8975,600009.csv
2016-09-23,11.84,11.86,11.96,11.81,18120.0,22768922.0,11.92,11.89,11.97,11.79,20833.0,26211064.0,11.43,600012.csv
2017-07-12,6.03,6.08,6.14,6.03,327768.0,215567712.0,6.11,6.09,6.19,6.01,342510.0,224903280.0,6.0649999999999995,600018.csv
2017-01-16,12.29,12.45,12.69,12.25,174107.0,229654000.0,12.63,12.61,12.72,11.48,272062.0,356987712.0,12.2075,600021.csv
2018-05-03,7.55,7.62,7.69,7.55,19999.0,16303328.0,7.65,7.63,7.65,7.51,26760.0,21730160.0,7.6850000000000005,600021.csv
2019-01-28,4.83,4.88,4.91,4.83,75592.0,37053572.0,4.92,4.91,4.95,4.82,84745.0,41571964.0,4.790000000000001,600026.csv
2018-01-19,10.31,10.41,10.54,10.21,1301253.0,1371925632.0,10.5,10.43,10.78,10.15,2808618.0,2987522304.0,10.2475,600029.csv
2018-01-23,20.35,20.45,20.69,20.19,1809997.0,3833395712.0,20.62,20.46,21.11,20.15,3356644.0,7140624384.0,21.1525,600030.csv
2018-05-10,27.92,27.97,28.12,27.75,222625.0,661356480.0,28.22,28.06,28.41,27.62,322191.0,957420608.0,28.265,600036.csv
2019-03-01,10.42,10.45,10.62,10.42,41599.0,44189000.0,10.55,10.47,10.55,10.27,59180.0,62220244.0,10.5275,600054.csv
2017-03-13,12.09,12.13,12.18,12.03,17804.0,30687002.0,12.23,12.14,12.23,12.0,19786.0,34178548.0,12.045,600055.csv
2016-08-29,17.54,17.69,18.02,17.52,100613.0,189716032.0,18.24,17.79,18.27,17.5,142360.0,268629920.0,17.5225,600056.csv
2016-12-22,18.41,18.52,18.64,18.4,37496.0,73447768.0,18.69,18.53,19.06,18.39,59148.0,116697880.0,17.805,600056.csv
2018-03-05,21.9,21.99,22.21,21.83,43145.0,98471160.0,22.09,22.03,22.17,21.71,46482.0,105895416.0,22.5925,600056.csv
2017-03-07,10.47,10.52,10.57,10.39,77629.0,83878080.0,10.55,10.53,10.56,10.29,140633.0,150940640.0,10.275,600059.csv
2017-04-11,12.04,12.17,12.39,11.94,715807.0,917205568.0,12.43,12.25,12.48,11.71,931525.0,1188569856.0,11.9325,600068.csv
2017-08-23,10.91,10.96,11.02,10.84,38098.0,42311220.0,11.16,10.97,11.22,10.83,66031.0,74223344.0,10.717500000000001,600070.csv
2016-12-07,8.94,8.98,9.04,8.89,46417.0,59437596.0,9.01,8.99,9.01,8.84,58655.0,74545048.0,8.5375,600075.csv
2017-03-23,11.58,11.6,11.71,11.53,29260.0,34283600.0,11.65,11.64,11.79,11.48,42230.0,49769532.0,11.375000000000002,600080.csv
2018-11-19,18.1,18.3,18.7,18.1,6302.0,11571504.0,18.48,18.36,18.63,17.85,6958.0,12713671.0,18.005,600083.csv
2019-05-27,29.22,29.24,29.59,29.14,21694.0,64255908.0,29.42,29.4,29.51,28.72,44127.0,129872408.0,29.0375,600085.csv
2017-12-08,10.17,10.29,10.33,10.12,23965.0,24493494.0,10.33,10.31,10.33,10.1,34915.0,35647740.0,10.1325,600086.csv
2019-05-29,7.27,7.28,7.43,7.22,167627.0,123537736.0,7.34,7.31,7.47,7.18,196080.0,143236432.0,7.1375,600094.csv
2016-08-16,9.25,9.36,9.39,9.23,36535.0,34319208.0,9.39,9.38,9.39,9.2,42617.0,39920544.0,9.295,600095.csv
2018-01-31,15.57,15.59,15.66,15.54,7261.0,11558293.0,15.77,15.61,15.86,15.53,9993.0,16008580.0,13.795000000000002,600097.csv
2019-06-20,10.15,10.2,10.29,10.06,8688.0,8853306.0,10.27,10.24,10.27,10.05,14955.0,15192689.0,10.2625,600097.csv
2017-04-24,22.36,22.46,22.57,22.14,544662.0,1475509760.0,22.51,22.49,22.59,21.9,593883.0,1601007744.0,22.4075,600104.csv
2016-07-07,13.56,13.62,13.71,13.43,367625.0,503356384.0,13.66,13.63,13.75,13.33,429126.0,587261504.0,13.4775,600109.csv
2017-02-10,13.01,13.09,13.25,13.0,355134.0,470254016.0,13.12,13.1,13.22,12.96,373374.0,493944608.0,13.18,600109.csv
2016-09-06,9.48,9.55,9.65,9.4,33914.0,52041188.0,9.62,9.57,9.62,9.29,34041.0,51872080.0,9.465,600114.csv
2019-07-22,6.8,6.83,6.88,6.79,45992.0,31465226.0,6.88,6.85,6.91,6.68,122222.0,83383552.0,6.9125,600123.csv
2019-03-05,17.23,17.76,17.76,17.13,339752.0,601267200.0,18.95,18.14,19.54,17.11,722721.0,1334448128.0,19.292499999999997,600131.csv
2016-12-09,14.85,14.86,14.95,14.76,29415.0,50693180.0,14.89,14.87,14.97,14.75,34558.0,59684112.0,14.4125,600132.csv
2019-02-15,13.07,13.08,13.18,13.0,5989.0,7914328.0,13.17,13.09,13.22,12.99,6404.0,8467613.0,13.3325,600137.csv
2016-02-24,9.9,9.98,10.05,9.76,231903.0,229346480.0,10.06,10.03,10.09,9.65,274992.0,272586368.0,8.3825,600139.csv
2017-07-05,8.28,8.35,8.36,8.26,106000.0,88042672.0,8.38,8.36,8.45,8.24,154900.0,129249016.0,8.9175,600139.csv
2017-12-14,6.63,6.66,6.71,6.62,40270.0,26827774.0,6.68,6.67,6.73,6.6,43205.0,28809270.0,6.6175,600139.csv
2019-03-01,10.85,10.91,11.13,10.8,135116.0,150515232.0,10.97,10.95,11.03,10.74,162533.0,180340528.0,11.015,600141.csv
2016-03-08,8.48,8.74,8.87,8.48,39531.0,34626064.0,8.9,8.87,8.9,8.28,42016.0,36423124.0,8.462499999999999,600152.csv
2017-08-24,14.27,14.29,14.33,14.23,22964.0,32790292.0,14.36,14.3,14.37,14.17,28956.0,41284064.0,14.2875,600165.csv
2017-12-19,14.87,14.9,14.93,14.8,14589.0,21727678.0,14.95,14.92,14.95,14.0,47667.0,70228472.0,14.8,600165.csv
2017-07-05,7.9,7.92,7.99,7.89,8198.0,17630168.0,7.95,7.94,7.97,7.84,10517.0,22572594.0,7.817500000000001,600167.csv
2018-10-17,2.2,2.21,2.27,2.19,353661.0,78751328.0,2.25,2.23,2.26,2.16,484627.0,107698152.0,2.1025,600175.csv
2018-05-15,10.95,10.99,11.12,10.9,27850.0,30964044.0,11.04,11.01,11.05,10.78,34712.0,38337864.0,10.9075,600180.csv
2019-07-12,4.98,5.02,5.04,4.98,23473.0,11773549.0,5.04,5.03,5.07,4.97,27347.0,13771498.0,5.0175,600185.csv
2016-05-11,7.78,7.84,7.9,7.7,68796.0,61620352.0,7.9,7.85,7.94,7.66,81433.0,73360952.0,7.6525,600188.csv
2016-12-02,11.75,11.77,11.92,11.69,41375.0,48862980.0,11.81,11.79,11.97,11.67,45109.0,53232940.0,11.5725,600202.csv
2017-04-10,15.2,15.22,15.4,15.05,71639.0,109237400.0,15.29,15.24,15.41,14.94,90153.0,136705712.0,14.555,600202.csv
2016-03-08,9.63,9.89,9.93,9.62,149869.0,146974960.0,9.97,9.91,9.98,9.34,152164.0,147469536.0,9.3225,600206.csv
2016-03-08,10.47,10.69,10.76,10.4,101477.0,107551656.0,10.87,10.7,10.87,10.08,133562.0,139852464.0,10.087500000000002,600207.csv
2019-05-10,35.4,35.49,35.81,35.1,4642.0,16461819.0,36.02,36.01,36.66,34.78,27809.0,98293792.0,33.355000000000004,600211.csv
2019-08-09,6.69,6.71,6.79,6.69,11932.0,8043128.0,6.74,6.73,6.85,6.65,19611.0,13246350.0,6.615,600215.csv
2019-02-20,10.69,10.96,10.96,10.55,288185.0,313008416.0,12.0,11.2,12.06,10.36,1262877.0,1432781056.0,12.115,600218.csv
2019-04-18,20.0,20.46,20.46,19.8,649705.0,1315913472.0,21.9,20.6,22.51,19.45,1465716.0,3114945280.0,20.22,600218.csv
2017-02-08,10.63,10.66,10.82,10.56,31379.0,33597412.0,10.71,10.68,10.72,10.43,33101.0,35072672.0,10.5975,600235.csv
2019-01-09,3.53,3.54,3.61,3.52,70953.0,25263244.0,3.58,3.57,3.65,3.51,97976.0,35165932.0,3.5949999999999998,600237.csv
2016-05-26,12.84,13.0,13.16,12.84,19217.0,25111408.0,13.51,13.14,13.56,12.76,24179.0,31895534.0,13.2075,600241.csv
2016-08-31,16.85,16.96,17.12,16.76,48760.0,82725712.0,16.98,16.97,17.07,16.46,49403.0,82886560.0,16.682499999999997,600241.csv
2018-12-13,6.28,6.29,6.35,6.25,6505.0,4100975.0,6.37,6.31,6.39,6.17,8732.0,5534335.0,6.0475,600241.csv
2019-07-02,4.77,4.82,4.86,4.76,14106.0,6777260.5,4.84,4.83,4.86,4.75,15870.0,7622212.5,4.5975,600243.csv
2016-06-30,10.99,11.04,11.36,10.99,102802.0,114731344.0,11.18,11.11,11.31,10.94,138939.0,154343744.0,11.125,600257.csv
2018-07-16,25.58,25.7,25.87,25.39,29179.0,75169032.0,25.86,25.82,26.24,25.29,38719.0,100504880.0,25.175,600258.csv
2018-01-10,29.83,29.85,30.14,29.74,29737.0,89233160.0,30.17,29.88,30.28,29.52,37396.0,112181200.0,29.7025,600260.csv
2016-11-21,8.44,8.46,8.54,8.42,33010.0,28310508.0,8.5,8.49,8.52,8.39,39895.0,34143148.0,8.3975,600268.csv
2016-06-20,21.35,21.52,21.77,21.29,140504.0,318387488.0,21.77,21.73,22.22,21.04,278225.0,633053120.0,22.0075,600271.csv
2018-10-17,47.98,48.16,49.29,47.59,124743.0,727659584.0,48.82,48.26,49.52,46.23,165453.0,961644544.0,46.877500000000005,600276.csv
2016-03-16,11.59,11.67,11.86,11.58,41735.0,50357648.0,11.84,11.73,11.84,11.49,42353.0,51033596.0,12.675,600278.csv
2016-12-20,6.83,6.88,6.9,6.79,87281.0,62450688.0,6.93,6.91,6.95,6.78,128484.0,91923544.0,6.85,600279.csv
2017-11-30,8.58,8.65,8.67,8.5,93359.0,80345088.0,8.68,8.67,8.78,8.45,124190.0,107424016.0,8.715,600280.csv
2016-10-20,12.91,13.0,13.12,12.91,57266.0,74580256.0,13.05,13.04,13.12,12.9,57837.0,75272048.0,12.8625,600283.csv
2016-12-07,13.86,13.98,14.14,13.86,44247.0,62026692.0,14.08,14.03,14.14,13.7,68288.0,95233096.0,13.239999999999998,600290.csv
2019-03-01,5.96,6.01,6.1,5.96,86721.0,52651592.0,6.06,6.03,6.1,5.9,90341.0,54555648.0,6.135,600292.csv
2018-01-05,8.55,8.58,8.58,8.55,119805.0,103959632.0,9.0,8.63,9.0,8.53,394353.0,347460864.0,8.245000000000001,600293.csv
2019-03-01,4.53,4.58,4.66,4.51,148753.0,68136616.0,4.6,4.59,4.63,4.47,152402.0,69404352.0,4.6525,600293.csv
2016-03-04,7.5,7.58,7.77,7.34,154226.0,122738824.0,7.71,7.59,7.95,7.3,155209.0,123438864.0,7.555,600295.csv
2016-10-12,13.64,13.65,13.77,13.6,15717.0,22375336.0,13.71,13.68,13.77,13.58,19778.0,28193968.0,13.5525,600299.csv
2016-05-24,7.79,7.84,7.92,7.79,39359.0,30906240.0,7.88,7.86,7.9,7.69,49269.0,38394592.0,7.6325,600302.csv
2016-07-01,8.38,8.4,8.45,8.32,37237.0,31283214.0,8.44,8.41,8.52,8.29,44821.0,37807500.0,8.5975,600302.csv
2018-11-16,28.08,28.29,28.34,27.9,208286.0,628367488.0,28.41,28.35,28.65,27.88,320841.0,971556288.0,28.0075,600309.csv
2017-07-31,13.21,13.3,13.34,13.17,55549.0,74715232.0,13.33,13.31,13.36,13.16,91063.0,122584016.0,13.092500000000001,600312.csv
2017-07-12,10.27,10.29,10.37,10.16,10698.0,10986619.0,10.34,10.31,10.37,10.15,14403.0,14759031.0,10.0775,600319.csv
2019-05-30,7.95,8.11,8.28,7.85,519126.0,419623872.0,8.6,8.14,8.61,7.77,662033.0,544727104.0,7.6850000000000005,600330.csv
2016-07-27,9.89,9.97,10.04,9.89,98766.0,98809040.0,10.1,10.01,10.45,9.86,230123.0,234822384.0,9.9275,600333.csv
2017-09-08,7.12,7.13,7.2,7.1,41087.0,29520490.0,7.19,7.14,7.22,7.07,68161.0,49194716.0,7.1025,600333.csv
2018-05-25,26.5,26.72,26.91,26.45,104016.0,299271552.0,26.78,26.76,26.98,26.32,136383.0,391846272.0,25.0425,600340.csv
2018-01-24,12.51,12.53,12.67,12.39,28266.0,35559268.0,12.64,12.56,12.64,12.35,38632.0,48416168.0,12.487499999999999,600343.csv
2018-06-05,6.53,6.55,6.63,6.52,122756.0,86559992.0,6.58,6.57,6.6,6.45,127788.0,89477800.0,6.485,600348.csv
2016-11-22,18.15,18.17,18.31,18.08,37485.0,68618488.0,18.22,18.2,18.26,18.05,63552.0,116208872.0,17.935,600363.csv
2016-03-08,8.84,9.05,9.05,8.71,80239.0,72323768.0,9.19,9.15,9.26,8.68,95933.0,87509864.0,8.530000000000001,600367.csv
2018-05-22,14.95,14.98,15.07,14.91,30156.0,45471956.0,15.21,15.02,15.21,14.69,43984.0,65902448.0,14.63,600372.csv
2019-01-07,12.17,12.33,12.55,12.13,76983.0,99113720.0,12.59,12.54,12.6,12.12,113877.0,146268432.0,11.9275,600373.csv
2019-03-20,6.34,6.5,6.55,6.24,412678.0,264792448.0,6.7,6.54,6.88,6.22,464684.0,306118304.0,6.142499999999999,600375.csv
2017-02-17,7.55,7.56,7.58,7.54,21848.0,19396562.0,7.58,7.57,7.6,7.52,28453.0,25270268.0,7.5825,600377.csv
2017-07-05,15.7,15.73,15.8,15.65,10226.0,16733745.0,15.79,15.74,15.79,15.49,10820.0,17645744.0,15.887500000000001,600389.csv
2018-09-13,8.5,8.53,8.61,8.43,144249.0,123709920.0,8.63,8.6,8.69,8.34,183402.0,157299184.0,8.75,600392.csv
2017-04-11,7.63,7.68,7.71,7.51,40711.0,62760812.0,7.76,7.74,7.76,7.5,55413.0,85573232.0,8.040000000000001,600393.csv
2018-06-05,5.44,5.5,5.53,5.44,35116.0,21926244.0,5.52,5.51,5.57,5.41,49641.0,30899786.0,5.4350000000000005,600395.csv
2018-04-23,12.32,12.33,12.77,12.23,633984.0,795069440.0,12.63,12.57,12.9,11.95,646858.0,809588480.0,12.395,600410.csv
2016-09-20,13.24,13.3,13.39,13.22,41489.0,55583552.0,13.35,13.32,13.4,13.06,74265.0,98467160.0,13.065000000000001,600416.csv
2019-07-31,9.18,9.19,9.28,9.18,86024.0,79415672.0,9.21,9.2,9.24,9.09,91735.0,84191888.0,8.7625,600435.csv
2016-07-14,20.45,20.59,20.68,20.45,20613.0,42611044.0,20.66,20.65,20.85,20.27,46817.0,97234368.0,19.75,600444.csv
2016-08-17,19.55,19.58,19.74,19.4,8790.0,17318762.0,19.7,19.6,19.7,19.35,13130.0,25814398.0,19.275,600444.csv
2016-10-21,16.2,16.24,16.77,16.18,63014.0,105077568.0,16.32,16.27,16.69,16.17,67136.0,111250480.0,15.96,600458.csv
2019-05-09,6.17,6.25,6.38,6.07,213773.0,134307120.0,6.38,6.26,6.41,6.05,301928.0,187761760.0,6.1175,600466.csv
2019-01-16,8.45,8.46,8.48,8.32,32980.0,27748342.0,8.49,8.47,8.55,8.31,39948.0,33723828.0,8.274999999999999,600480.csv
2017-03-02,31.32,31.36,31.65,31.28,35802.0,114259528.0,31.53,31.45,31.67,31.08,43452.0,138290336.0,31.64,600482.csv
2019-05-15,22.33,22.4,22.84,22.3,27632.0,62311316.0,22.68,22.42,22.68,22.2,36668.0,82099416.0,21.765,600482.csv
2018-01-31,9.72,9.81,9.85,9.72,44014.0,43415688.0,9.87,9.82,9.87,9.66,57620.0,56691704.0,9.175,600491.csv
2018-05-15,8.89,8.9,8.96,8.86,36181.0,32571258.0,8.95,8.94,8.95,8.79,44121.0,39537624.0,8.84,600491.csv
2016-03-08,7.09,7.14,7.2,7.07,149199.0,107336952.0,7.19,7.15,7.19,6.86,195021.0,138063408.0,6.9575000000000005,600495.csv
2019-07-12,4.33,4.35,4.43,4.33,51278.0,22439856.0,4.41,4.39,4.57,4.32,88661.0,39254544.0,4.414999999999999,600499.csv
2017-09-20,6.96,6.99,7.06,6.96,156814.0,136008912.0,7.07,7.02,7.13,6.95,164324.0,142750624.0,6.7525,600502.csv
2017-10-10,12.48,12.56,12.63,12.48,34099.0,44491436.0,12.63,12.59,12.63,12.41,41008.0,53396064.0,12.347499999999998,600508.csv
2018-06-25,5.9,5.92,5.94,5.82,10171.0,6327443.0,5.99,5.93,6.01,5.81,27402.0,17132840.0,5.7025,600510.csv
2018-10-31,24.6,24.79,25.1,24.53,28676.0,72389664.0,24.88,24.82,25.24,24.48,30869.0,77953080.0,24.6175,600511.csv
2017-11-10,9.81,9.86,9.92,9.81,10403.0,10409176.0,9.89,9.88,9.91,9.76,16872.0,16822566.0,9.565,600513.csv
2017-03-08,11.92,11.99,12.01,11.92,18132.0,21707610.0,12.06,12.0,12.06,11.86,22587.0,27042964.0,11.845,600515.csv
2017-08-31,12.87,12.93,13.03,12.77,30694.0,39586888.0,12.99,12.95,13.11,12.75,52781.0,68306336.0,12.8925,600515.csv
2016-03-08,4.53,4.62,4.84,4.53,676044.0,662202752.0,4.74,4.72,4.8,4.29,711076.0,686251008.0,4.175,600516.csv
2018-07-20,724.46,726.41,729.41,720.48,18078.0,1337080064.0,726.96,726.59,728.59,713.46,30548.0,2249792256.0,714.7725,600519.csv
2017-07-04,12.96,13.03,13.08,12.94,27795.0,51686164.0,13.09,13.07,13.12,12.89,34685.0,64514056.0,13.1225,600523.csv
2016-04-20,9.06,9.2,9.23,8.91,362577.0,333413664.0,9.59,9.23,9.63,8.43,901164.0,851411968.0,8.49,600531.csv
2017-02-17,15.58,15.62,15.72,15.51,18072.0,28258734.0,15.7,15.69,15.71,15.44,35327.0,55039424.0,15.565,600532.csv
2019-05-10,4.85,4.97,5.0,4.82,96626.0,47603840.0,5.12,5.08,5.15,4.71,162141.0,81258352.0,4.98,600532.csv
2016-01-26,12.74,12.92,13.0,12.67,108064.0,200038096.0,13.14,13.04,13.37,12.4,276177.0,520090080.0,11.565,600547.csv
2018-01-03,7.95,7.96,8.12,7.95,20663.0,18601556.0,8.0,7.98,8.03,7.88,49736.0,44582824.0,7.975,600548.csv
2017-07-06,16.23,16.33,16.36,16.21,29291.0,48082380.0,16.42,16.4,16.53,16.18,44749.0,73846512.0,16.240000000000002,600557.csv
2018-09-13,41.12,41.45,42.29,40.91,107555.0,586007808.0,41.76,41.52,42.51,40.42,132100.0,714629824.0,39.2625,600570.csv
2016-05-24,12.88,13.06,13.17,12.8,31703.0,41516436.0,13.26,13.07,13.26,12.7,33695.0,43879744.0,12.5675,600573.csv
2018-02-23,3.28,3.3,3.31,3.28,23172.0,7769310.0,3.32,3.31,3.33,3.27,52053.0,17497042.0,3.2925,600578.csv
2016-11-11,9.56,9.58,9.59,9.54,64860.0,63877588.0,9.6,9.59,9.61,9.53,84613.0,83321808.0,9.602500000000001,600580.csv
2018-07-13,4.66,4.71,4.76,4.64,588494.0,276699168.0,4.74,4.72,4.85,4.59,614652.0,289315488.0,4.5325,600581.csv
2018-05-15,32.21,32.29,32.56,31.89,261228.0,917605632.0,32.36,32.33,32.47,31.66,294554.0,1027709632.0,32.17,600585.csv
2016-03-08,8.78,8.92,9.1,8.78,72460.0,67638992.0,8.98,8.97,8.98,8.48,89291.0,81590240.0,8.56,600592.csv
2019-02-19,6.05,6.19,6.24,6.05,84665.0,52957528.0,6.23,6.2,6.25,6.04,120966.0,75482512.0,6.359999999999999,600592.csv
2019-03-01,12.02,12.09,12.21,11.94,271711.0,341700000.0,12.17,12.11,12.24,11.85,298471.0,374498528.0,12.135,600596.csv
2019-02-14,10.0,10.12,10.26,10.0,10573.0,10698905.0,10.38,10.21,10.38,9.99,11675.0,11854806.0,10.5225,600599.csv
2016-09-05,11.11,11.2,11.31,11.11,61274.0,69696616.0,11.29,11.26,11.34,11.09,101178.0,115378680.0,11.27,600602.csv
2017-03-20,8.36,8.42,8.64,8.31,60882.0,103017432.0,8.6,8.51,8.69,8.28,71480.0,121637688.0,8.575000000000001,600603.csv
2017-02-27,22.46,22.65,22.68,22.41,9719.0,22067128.0,22.79,22.73,22.97,20.85,16187.0,37167416.0,22.837500000000002,600605.csv
2016-10-25,18.55,18.56,18.73,18.51,33215.0,63237468.0,18.6,18.59,18.71,18.46,33382.0,63349288.0,18.225,600623.csv
2016-08-09,12.46,12.67,12.84,12.4,269125.0,346883488.0,12.7,12.68,12.83,12.35,403647.0,517470752.0,12.145,600626.csv
2018-09-13,8.66,8.67,8.72,8.57,30217.0,26370216.0,8.77,8.68,8.79,8.55,41008.0,35786864.0,8.545,600633.csv
2017-03-06,17.88,17.92,18.05,17.85,32153.0,60007052.0,17.95,17.94,18.0,17.82,42419.0,78917056.0,17.652500000000003,600639.csv
2019-05-14,2.35,2.36,2.37,2.32,105879.0,24841796.0,2.43,2.37,2.43,2.31,124924.0,29834820.0,2.31,600653.csv
2016-07-15,7.18,7.2,7.27,7.16,25301.0,27053194.0,7.22,7.21,7.25,7.14,31297.0,33340472.0,7.272499999999999,600658.csv
2017-12-14,7.41,7.5,7.56,7.41,17360.0,18778814.0,7.52,7.51,7.59,7.34,20156.0,21680794.0,7.5225,600658.csv
2019-03-18,23.46,23.5,23.68,23.28,180792.0,439092160.0,23.75,23.7,23.75,23.21,474552.0,1148245248.0,23.52,600660.csv
2018-03-19,4.91,4.93,5.0,4.91,74049.0,37479144.0,4.98,4.97,5.06,4.9,89268.0,45578380.0,5.1625,600662.csv
2016-03-08,5.56,5.66,5.74,5.55,222790.0,132329344.0,5.75,5.72,5.86,5.32,304448.0,178492720.0,5.4625,600667.csv
2017-12-11,23.3,23.33,23.65,23.02,3047.0,7113289.0,23.49,23.36,23.67,23.0,12346.0,28781296.0,23.175,600671.csv
2017-05-22,5.66,5.7,5.76,5.65,254275.0,165423360.0,5.76,5.74,5.81,5.62,296660.0,193204224.0,5.674999999999999,600688.csv
2018-02-26,19.73,19.85,20.09,19.6,364918.0,750497088.0,20.11,19.96,20.27,19.48,389874.0,801275008.0,18.6575,600690.csv
2016-06-17,36.6,36.62,37.07,36.42,25787.0,99916016.0,36.78,36.67,37.19,36.39,36296.0,141051872.0,36.397499999999994,600694.csv
2017-09-18,37.5,37.64,37.74,37.5,7944.0,30612858.0,37.75,37.66,37.76,37.48,10270.0,39545112.0,37.205,600694.csv
2019-01-28,25.55,25.56,25.75,25.5,15351.0,39334052.0,25.68,25.65,25.84,25.46,19668.0,50507100.0,25.0225,600694.csv
2017-10-20,9.65,9.76,9.8,9.42,72522.0,69859440.0,9.88,9.86,9.97,9.06,98577.0,95328328.0,9.75,600695.csv
2016-03-08,7.54,7.65,7.7,7.52,78579.0,61353088.0,7.73,7.72,7.8,7.35,110114.0,85495296.0,7.7025,600710.csv
2018-01-17,8.6,8.62,8.69,8.55,10732.0,9275327.0,8.68,8.64,8.74,8.53,13094.0,11321769.0,8.649999999999999,600714.csv
2016-06-23,17.53,17.59,17.62,17.33,26296.0,46039012.0,17.73,17.64,17.73,17.28,40510.0,70872336.0,17.630000000000003,600715.csv
2017-03-13,22.12,22.16,22.24,22.0,50012.0,111088376.0,22.19,22.18,22.27,21.96,53055.0,117669368.0,22.17,600715.csv
2018-05-08,14.79,15.07,15.19,14.77,205537.0,310976224.0,15.11,15.1,15.15,14.75,219278.0,330458752.0,14.434999999999999,600718.csv
2016-06-24,9.05,9.29,9.41,8.93,529318.0,493686176.0,9.37,9.3,9.69,8.72,694986.0,657072000.0,9.325,600728.csv
2017-05-03,16.91,17.03,17.17,16.87,67110.0,115875968.0,17.08,17.07,17.14,16.82,84243.0,144457920.0,16.7625,600739.csv
2019-07-05,14.4,14.54,14.75,14.4,70963.0,103565008.0,14.66,14.55,14.68,14.18,80862.0,116753712.0,14.02,600739.csv
2017-11-02,15.65,15.76,15.91,15.58,36109.0,72187592.0,15.83,15.78,16.01,15.57,47487.0,95209720.0,15.395,600742.csv
2019-05-15,29.38,29.93,30.34,29.38,61036.0,182956944.0,30.16,29.94,30.5,29.3,82436.0,245775392.0,28.705,600745.csv
2017-03-02,12.51,12.53,12.68,12.5,25000.0,31802372.0,12.58,12.55,12.64,12.38,36575.0,46398664.0,12.559999999999999,600746.csv
2018-06-05,10.7,10.74,10.95,10.68,2369.0,2551373.5,10.89,10.76,10.89,10.64,3019.0,3232782.0,10.9625,600749.csv
2018-12-13,9.93,10.0,10.07,9.91,2100.0,2095339.0,10.09,10.04,10.09,9.9,3184.0,3188451.0,9.395,600749.csv
2018-10-30,15.45,15.71,16.04,15.43,73570.0,117030920.0,15.93,15.88,16.1,15.15,105048.0,166801920.0,16.2425,600756.csv
2017-03-13,10.98,11.0,11.04,10.93,144962.0,161729216.0,11.04,11.03,11.09,10.82,178164.0,198818928.0,10.8575,600758.csv
2016-01-06,11.61,11.99,12.79,11.53,115421.0,137944800.0,12.16,12.06,12.28,11.16,118258.0,139202880.0,9.825,600769.csv
2017-07-24,7.01,7.05,7.08,7.01,41339.0,29150754.0,7.08,7.07,7.08,7.0,43620.0,30754574.0,7.0175,600770.csv
2018-11-01,22.92,23.06,23.41,22.87,39792.0,128677640.0,23.21,23.07,23.77,22.79,55633.0,180441360.0,23.215000000000003,600771.csv
2019-06-28,12.26,12.32,12.44,12.24,5177.0,6367914.5,12.95,12.35,12.95,12.2,9023.0,11323579.0,12.2425,600774.csv
2019-07-22,5.46,5.48,5.56,5.45,47859.0,26334954.0,5.51,5.49,5.56,5.4,75243.0,41305340.0,5.5525,600787.csv
2019-08-09,3.49,3.5,3.53,3.49,35407.0,12456268.0,3.52,3.51,3.52,3.47,36212.0,12676579.0,3.5,600790.csv
2018-05-10,5.55,5.56,5.61,5.53,18431.0,10348947.0,5.59,5.57,5.59,5.46,22869.0,12765446.0,5.42,600791.csv
2017-06-05,36.14,36.28,36.45,35.95,10212.0,37050176.0,36.38,36.29,36.38,35.9,12513.0,45116712.0,36.042500000000004,600793.csv
2019-03-01,3.67,3.68,3.71,3.64,90740.0,33905600.0,3.73,3.69,3.75,3.62,113529.0,42321424.0,3.7575,600798.csv
2018-01-17,6.26,6.28,6.31,6.24,34466.0,21590670.0,6.3,6.29,6.39,6.15,45863.0,28652100.0,6.1975,600800.csv
2018-06-05,9.1,9.11,9.19,9.02,100417.0,143734240.0,9.17,9.15,9.21,9.01,114983.0,164719552.0,9.31,600801.csv
2017-03-17,8.45,8.48,8.5,8.45,73295.0,62823552.0,8.51,8.49,8.58,8.44,84823.0,73005320.0,8.51,600805.csv
2017-10-16,10.77,10.82,10.91,10.66,98963.0,108276432.0,10.91,10.85,11.05,10.25,164978.0,179248800.0,10.3175,600814.csv
2016-04-25,5.65,5.69,5.75,5.63,55249.0,89726376.0,5.73,5.71,5.8,5.6,85929.0,139795440.0,5.5875,600816.csv
2017-08-25,21.73,21.81,22.2,21.66,13724.0,30275024.0,21.93,21.9,22.03,21.55,13765.0,30147594.0,21.95,600818.csv
2018-03-29,10.02,10.05,10.2,10.0,15111.0,15989874.0,10.13,10.1,10.13,9.94,15288.0,16129535.0,10.11,600829.csv
2018-12-13,5.13,5.15,5.2,5.12,19063.0,9957804.0,5.17,5.16,5.23,5.08,34630.0,18127008.0,4.94,600830.csv
2017-10-11,18.92,18.95,18.99,18.89,25722.0,51090688.0,18.98,18.96,18.99,18.86,29313.0,58167284.0,18.6825,600835.csv
2017-11-17,22.49,22.63,22.82,22.39,84975.0,200005120.0,22.72,22.69,23.23,22.33,131601.0,313293280.0,22.6825,600835.csv
2016-05-06,13.17,13.54,13.61,13.08,151467.0,404918432.0,13.68,13.6,14.23,13.03,278645.0,762836416.0,12.4175,600836.csv
2017-07-21,13.98,14.07,14.21,13.92,22501.0,31839386.0,14.81,14.2,14.81,13.91,30504.0,44007944.0,13.9025,600841.csv
2019-03-18,12.92,13.23,13.29,12.86,8572.0,11232297.0,13.98,13.35,13.98,12.81,11341.0,15216275.0,13.129999999999999,600847.csv
2019-07-15,11.8,11.99,12.03,11.7,4548.0,5399014.0,12.12,12.08,12.22,11.66,4726.0,5671614.0,11.865,600847.csv
2016-11-15,12.86,12.97,13.33,12.8,112210.0,148045520.0,13.07,13.0,13.07,12.69,148893.0,193814752.0,12.775,600856.csv
2019-07-11,9.56,9.57,9.63,9.56,4751.0,4557826.0,9.69,9.58,9.69,9.52,7084.0,6785330.0,9.6525,600857.csv
2018-04-17,19.72,19.76,20.28,19.72,31576.0,65750384.0,19.8,19.79,20.32,19.65,34037.0,70603224.0,18.6375,600859.csv
2019-03-01,15.33,15.36,15.58,15.25,74972.0,119097288.0,15.43,15.4,15.5,15.24,77442.0,122592008.0,15.665,600859.csv
2017-07-07,6.89,6.93,6.96,6.87,10845.0,7495843.0,6.95,6.94,6.96,6.83,11251.0,7743831.0,6.8125,600860.csv
2017-03-13,15.33,15.34,15.45,15.29,24423.0,38279484.0,15.38,15.37,15.44,15.21,40896.0,63705264.0,15.022499999999999,600861.csv
2016-03-08,11.75,11.95,12.29,11.75,158694.0,201419360.0,12.05,12.01,12.26,11.41,172414.0,216552736.0,11.3725,600872.csv
2018-11-19,6.15,6.16,6.21,6.11,210070.0,129359656.0,6.21,6.18,6.23,6.08,221715.0,136257360.0,6.035,600879.csv
2019-03-22,9.3,9.31,9.36,9.26,13439.0,12503786.0,9.35,9.32,9.36,9.17,14856.0,13742466.0,9.252500000000001,600882.csv
2017-02-20,12.89,12.91,13.01,12.79,52552.0,68896792.0,12.93,12.92,12.95,12.78,62805.0,82265320.0,13.322499999999998,600884.csv
2019-06-25,10.62,10.68,10.74,10.56,65251.0,69417216.0,10.82,10.71,10.88,10.5,98426.0,105000248.0,10.6025,600884.csv
2016-10-21,24.22,24.29,24.61,24.06,17162.0,60324180.0,24.53,24.3,24.53,23.56,25276.0,87589704.0,22.955,600885.csv
2017-04-19,26.26,26.36,26.71,26.1,11684.0,44567756.0,26.69,26.54,26.76,25.57,28241.0,106033688.0,25.784999999999997,600885.csv
2019-01-23,24.29,24.31,25.0,24.21,21676.0,53753236.0,24.48,24.34,24.79,24.07,33823.0,83333560.0,24.6675,600885.csv
2016-06-20,14.18,14.32,14.47,14.16,219474.0,359119936.0,14.42,14.33,14.49,14.1,229268.0,373220192.0,14.02,600887.csv
2017-10-24,6.71,6.79,6.81,6.71,74463.0,51314692.0,6.83,6.8,6.91,6.7,89443.0,61961284.0,6.682499999999999,600888.csv
2018-01-24,8.24,8.3,8.31,8.21,11313.0,9377853.0,8.32,8.31,8.32,8.2,13777.0,11410407.0,8.265,600889.csv
2018-07-20,7.3,7.33,7.44,7.28,9724.0,7139642.0,7.38,7.37,7.38,7.25,17657.0,12921791.0,7.375,600890.csv
2019-05-15,23.21,23.26,23.6,23.16,73429.0,172776928.0,23.44,23.42,23.49,23.14,75191.0,176367504.0,23.085,600893.csv
2016-05-11,12.21,12.22,12.36,12.1,42421.0,57394364.0,12.34,12.23,12.37,12.08,54936.0,74385336.0,12.049999999999999,600894.csv
2016-08-30,19.23,19.24,19.41,19.19,138522.0,271967296.0,19.34,19.27,19.61,19.16,176084.0,347833440.0,19.1725,600895.csv
2017-09-11,8.02,8.03,8.07,7.98,14364.0,11520202.0,8.06,8.04,8.06,7.85,47025.0,37427552.0,7.9125,600896.csv
2019-03-20,5.29,5.37,5.43,5.27,29641.0,15837615.0,5.4,5.38,5.42,5.26,36668.0,19582152.0,5.4225,600896.csv
2016-12-20,19.11,19.19,19.37,19.0,7800.0,17572310.0,19.23,19.2,19.41,18.93,8806.0,19759404.0,19.005000000000003,600897.csv
2017-05-22,20.47,20.67,20.82,20.44,11385.0,27306336.0,20.78,20.75,20.9,20.32,21628.0,51940208.0,20.035,600897.csv
2018-09-14,18.79,18.88,18.92,18.68,4149.0,8340581.0,18.95,18.89,18.95,18.66,4892.0,9837540.0,18.802500000000002,600897.csv
2017-09-21,13.61,13.62,13.64,13.58,118555.0,177586432.0,13.65,13.64,13.68,13.57,129977.0,194434672.0,13.68,600900.csv
2017-10-30,14.65,14.69,14.81,14.57,119788.0,192346224.0,14.79,14.71,14.89,14.47,259823.0,415857376.0,14.450000000000001,600900.csv
2017-12-20,14.99,15.02,15.08,14.97,204885.0,335823744.0,15.1,15.07,15.1,14.94,233649.0,382785440.0,14.8975,600900.csv
2019-02-12,15.53,15.63,15.74,15.53,134852.0,220536176.0,15.67,15.66,15.71,15.5,188646.0,307305568.0,15.53,600900.csv
2018-11-28,16.68,16.72,16.91,16.53,51440.0,120616896.0,16.81,16.78,16.81,16.3,61628.0,143471120.0,16.380000000000003,600903.csv
2019-07-22,8.48,8.62,8.66,8.48,21559.0,18538928.0,8.65,8.63,8.78,8.44,26564.0,22768248.0,8.535,600933.csv
2019-05-10,8.0,8.02,8.22,7.9,22131.0,17759072.0,8.09,8.08,8.19,7.74,35296.0,28404096.0,7.7675,600961.csv
2017-06-28,13.47,13.62,13.7,13.44,22194.0,30147738.0,13.65,13.63,13.98,13.32,35045.0,47966860.0,13.504999999999999,600962.csv
2019-07-30,8.87,8.92,8.99,8.82,14668.0,13082955.0,9.03,8.96,9.05,8.61,17207.0,15439242.0,8.645,600962.csv
2018-02-07,9.53,9.59,9.63,9.49,25080.0,24567302.0,9.66,9.65,9.73,9.21,25260.0,24684006.0,9.415000000000001,600965.csv
2018-05-17,7.44,7.47,7.55,7.42,18556.0,19615022.0,7.5,7.48,7.53,7.41,20506.0,21577804.0,7.5625,600969.csv
2017-02-21,5.5,5.6,5.68,5.5,298540.0,224811456.0,5.64,5.62,5.71,5.48,346079.0,261644448.0,5.4975000000000005,600971.csv
2016-03-08,23.55,23.82,24.16,23.41,11260.0,27639058.0,23.84,23.83,24.0,22.9,13271.0,31946982.0,23.4925,600976.csv
2016-05-11,24.24,24.28,24.49,24.12,13979.0,34965932.0,24.39,24.3,24.99,24.0,22222.0,56026812.0,23.9025,600976.csv
2019-08-09,14.65,14.7,14.87,14.65,3000.0,4426617.0,14.87,14.74,14.92,14.61,5300.0,7826839.0,14.5275,600976.csv
2017-04-14,22.96,23.31,23.58,22.96,107140.0,256781344.0,23.59,23.47,23.76,22.86,129351.0,308525984.0,20.782500000000002,600977.csv
2018-11-20,4.84,4.86,4.91,4.8,80668.0,40407140.0,4.92,4.87,5.29,4.79,136778.0,70652928.0,4.4,600981.csv
2018-08-15,10.5,10.51,10.75,10.45,30700.0,34119736.0,10.63,10.56,10.79,10.37,58642.0,65083040.0,10.5625,600985.csv
2018-11-08,9.28,9.29,9.46,9.26,29173.0,28753164.0,9.36,9.33,9.57,9.25,42857.0,42440912.0,9.075,600985.csv
2016-08-31,7.86,7.89,7.94,7.85,32545.0,40723128.0,7.93,7.92,7.94,7.8,36910.0,46049684.0,7.734999999999999,600987.csv
2018-10-11,4.36,4.42,4.55,4.33,274867.0,122341032.0,4.49,4.47,4.6,4.27,558667.0,250346480.0,4.42,600988.csv
2017-08-10,58.36,58.46,58.97,58.36,7410.0,43670904.0,58.71,58.51,59.62,57.71,7843.0,46210068.0,57.3275,600990.csv
2019-03-01,15.09,15.17,15.31,15.06,27733.0,42571456.0,15.25,15.24,15.38,15.02,38512.0,58827956.0,15.212499999999999,600993.csv
2017-01-16,6.67,6.71,6.79,6.66,52779.0,38093496.0,6.74,6.73,6.95,6.53,73266.0,53201412.0,6.45,600997.csv
2017-07-17,8.02,8.09,8.16,7.98,279071.0,252472000.0,8.23,8.12,8.39,7.86,879864.0,800116288.0,8.0,601006.csv
2016-11-21,40.66,40.69,41.14,40.41,65785.0,270172384.0,40.87,40.79,41.17,39.73,79562.0,326010560.0,40.1025,601020.csv
2016-05-24,8.5,8.54,8.6,8.49,55737.0,75955976.0,8.62,8.55,8.62,8.29,117636.0,158263840.0,8.4525,601088.csv
2018-10-17,19.07,19.11,19.47,19.0,154349.0,311163104.0,19.39,19.38,19.6,18.63,206543.0,415935200.0,18.397499999999997,601088.csv
2017-10-23,13.85,13.91,13.95,13.81,52561.0,79409016.0,13.95,13.92,13.96,13.8,76080.0,114645920.0,13.925,601098.csv
2016-11-08,10.05,10.07,10.45,10.05,35866.0,53709660.0,10.14,10.12,10.33,10.02,52671.0,78153928.0,10.41,601100.csv
2017-04-14,8.95,9.05,9.22,8.92,342964.0,321709792.0,9.15,9.09,9.18,8.79,397920.0,371549024.0,8.692499999999999,601111.csv
2018-10-17,7.02,7.03,7.13,6.94,333033.0,236577424.0,7.15,7.1,7.19,6.92,393569.0,281263200.0,6.8775,601111.csv
2018-06-07,14.34,14.36,14.4,14.34,6135.0,8863791.0,14.39,14.38,14.43,14.32,17150.0,24788716.0,14.445,601113.csv
2019-07-31,4.98,5.01,5.05,4.97,61588.0,30910464.0,5.04,5.02,5.05,4.96,89934.0,45147316.0,4.875,601118.csv
2017-06-20,11.28,11.3,11.35,11.24,61169.0,71280576.0,11.32,11.31,11.34,11.22,78562.0,91369840.0,10.9,601128.csv
2018-09-13,14.68,14.72,14.88,14.66,181131.0,267306832.0,14.87,14.79,14.94,14.54,265940.0,391537504.0,14.250000000000002,601138.csv
2017-05-05,13.0,13.01,13.2,12.83,77288.0,120769024.0,13.06,13.03,13.15,12.79,105761.0,164948576.0,12.327499999999999,601155.csv
2018-03-06,16.54,16.59,16.71,16.48,598962.0,1072982144.0,16.66,16.61,16.71,16.47,816377.0,1463038080.0,16.634999999999998,601166.csv
2018-10-17,14.44,14.46,14.72,14.41,464562.0,708301248.0,14.61,14.51,14.66,14.28,512310.0,779889920.0,14.540000000000001,601166.csv
2019-07-18,18.05,18.06,18.21,18.02,412483.0,746612288.0,18.13,18.09,18.16,17.98,449049.0,811736576.0,18.355,601166.csv
2019-04-15,11.2,11.21,11.35,11.16,64534.0,72626832.0,11.3,11.23,11.45,11.13,76436.0,86781760.0,11.107500000000002,601177.csv
2018-05-10,14.64,14.73,14.92,14.61,176441.0,264926688.0,14.89,14.81,14.91,14.55,178783.0,268414240.0,14.49,601198.csv
2017-04-24,11.74,11.8,11.88,11.74,90296.0,203996576.0,11.89,11.87,11.98,11.7,165412.0,374998496.0,11.825000000000001,601229.csv
2017-11-29,16.79,16.8,16.85,16.68,61938.0,150478912.0,16.91,16.84,16.92,16.65,65375.0,158773136.0,16.6075,601238.csv
2019-03-11,14.5,14.51,14.51,13.84,586165.0,856084928.0,15.83,15.21,15.83,13.71,1087107.0,1633274496.0,14.48,601311.csv
2019-06-28,10.54,10.61,10.74,10.54,99706.0,107593376.0,10.8,10.7,11.02,10.49,153746.0,167320944.0,10.677499999999998,601311.csv
2018-02-26,67.33,67.72,68.54,66.91,556011.0,3929000192.0,68.07,67.88,68.66,66.68,693840.0,4900094464.0,64.955,601318.csv
2018-10-17,62.25,62.9,64.08,62.23,584034.0,3761333760.0,64.07,63.06,64.22,61.31,761401.0,4861851648.0,62.5575,601318.csv
2017-08-08,11.75,11.78,11.87,11.74,33864.0,41303892.0,11.81,11.79,11.81,11.69,39266.0,47693112.0,11.617500000000001,601366.csv
2016-11-07,6.64,6.65,6.7,6.62,52167.0,37283032.0,6.68,6.67,6.68,6.59,54328.0,38762132.0,6.625,601369.csv
2018-12-18,5.9,5.93,5.98,5.88,24913.0,15244894.0,6.0,5.94,6.0,5.75,45438.0,27653690.0,5.827500000000001,601369.csv
2018-01-24,7.45,7.58,7.71,7.4,602295.0,457317952.0,7.61,7.6,7.73,7.31,777918.0,591309120.0,7.16,601375.csv
2017-02-07,8.9,8.97,8.99,8.87,8292.0,9837280.0,9.04,8.98,9.04,8.86,24680.0,29338334.0,8.9775,601515.csv
2017-01-19,12.88,12.89,13.06,12.88,14945.0,19903328.0,12.91,12.9,13.07,12.72,18049.0,23775778.0,13.09,601579.csv
2018-04-18,6.67,6.73,6.85,6.64,83639.0,57386020.0,6.81,6.78,6.81,6.55,85008.0,58169316.0,6.215000000000001,601599.csv
2018-05-14,5.44,5.45,5.55,5.41,110107.0,61557772.0,5.51,5.46,5.56,5.4,113246.0,63511252.0,5.3325000000000005,601599.csv
2018-07-31,3.83,3.86,3.94,3.82,724207.0,280548288.0,3.9,3.87,3.93,3.81,788196.0,305222304.0,3.54,601600.csv
2019-06-27,35.17,35.21,35.47,35.0,136540.0,494259648.0,35.41,35.25,35.97,34.9,235286.0,857353088.0,35.59,601601.csv
2016-03-08,5.56,5.71,5.79,5.55,65086.0,37779172.0,5.77,5.75,5.78,5.54,85366.0,49250512.0,5.4575000000000005,601616.csv
2019-06-28,4.6,4.61,4.66,4.58,73679.0,34035808.0,4.64,4.62,4.74,4.57,179819.0,83743392.0,4.575,601619.csv
2016-05-24,7.32,7.35,7.39,7.3,62498.0,52228584.0,7.39,7.37,7.49,7.27,94321.0,78969184.0,7.252500000000001,601633.csv
2019-05-10,4.91,4.94,4.98,4.91,217026.0,109520192.0,5.05,5.04,5.07,4.89,283336.0,144622048.0,4.93,601669.csv
2016-07-21,15.79,15.83,16.17,15.68,46347.0,75582528.0,15.89,15.85,16.2,15.61,52365.0,85540136.0,15.022499999999999,601677.csv
2019-01-28,18.32,18.5,18.76,18.32,477748.0,900864064.0,18.73,18.63,19.18,18.3,547925.0,1045743808.0,18.5925,601688.csv
2016-11-08,20.51,20.54,20.87,20.48,27182.0,82542032.0,20.72,20.67,20.8,20.46,44518.0,134757744.0,20.525000000000002,601689.csv
2016-03-08,21.49,22.26,22.51,21.45,21591.0,55134316.0,22.39,22.35,22.46,21.41,25601.0,64555380.0,21.555,601799.csv
2018-09-03,48.21,48.94,49.43,47.99,6198.0,30888604.0,49.19,49.0,49.8,44.43,8066.0,39604064.0,48.1125,601799.csv
2018-01-17,11.87,11.93,12.01,11.82,13116.0,16424680.0,12.0,11.99,12.14,11.72,16161.0,20260510.0,11.9525,601811.csv
2018-10-17,10.62,10.7,10.89,10.61,44800.0,49257588.0,10.83,10.71,10.92,10.38,48801.0,53369396.0,10.315,601828.csv
2016-03-08,7.36,7.39,7.46,7.34,499940.0,389208576.0,7.44,7.43,7.47,7.29,538072.0,417468960.0,7.18,601857.csv
2018-09-12,8.02,8.06,8.13,8.01,278770.0,229987360.0,8.13,8.09,8.17,8.0,311249.0,257060784.0,8.247499999999999,601857.csv
2019-04-11,13.81,14.04,14.38,13.81,234999.0,331779744.0,14.13,14.12,14.29,13.55,247657.0,343868000.0,13.325000000000001,601865.csv
2016-08-29,4.95,4.96,4.99,4.94,134741.0,69520200.0,4.98,4.97,4.99,4.93,175369.0,90201368.0,4.9375,601872.csv
2017-11-27,15.53,15.6,15.75,15.43,114009.0,178578624.0,15.71,15.61,15.89,15.39,125069.0,196526144.0,15.932500000000001,601878.csv
2018-01-24,17.74,17.88,18.0,17.56,286734.0,512118528.0,17.98,17.93,18.38,17.34,494324.0,889289664.0,17.0875,601878.csv
2016-03-08,6.75,6.8,6.89,6.66,502594.0,339957632.0,6.94,6.83,6.97,6.54,710075.0,481385760.0,6.125,601918.csv
2019-07-05,17.09,17.11,17.38,17.02,23806.0,41035080.0,17.25,17.22,17.27,17.0,25288.0,43444160.0,17.045,601966.csv
2018-01-17,4.99,5.03,5.08,4.98,21560.0,10936739.0,5.06,5.04,5.06,4.97,22589.0,11419582.0,4.99,601968.csv
2017-07-26,7.62,7.64,7.67,7.59,385236.0,307085344.0,7.66,7.65,7.67,7.56,468775.0,373195424.0,7.575,601985.csv
2018-12-13,9.4,9.45,9.64,9.36,335771.0,319661568.0,9.52,9.49,9.65,9.17,351676.0,332457952.0,9.047500000000001,601990.csv
2018-03-19,5.1,5.15,5.2,5.08,47137.0,24782718.0,5.17,5.16,5.19,5.06,48951.0,25676152.0,5.09,603002.csv
2016-10-26,32.55,32.66,32.89,32.52,19931.0,65479524.0,32.77,32.73,32.84,32.49,20939.0,68843352.0,32.265,603005.csv
2017-07-24,18.74,18.75,19.1,18.62,11712.0,22074888.0,18.84,18.78,18.84,18.44,14445.0,26882336.0,18.7725,603006.csv
2016-04-25,14.37,14.83,14.89,14.35,14642.0,67303944.0,14.95,14.93,14.99,14.12,19413.0,88934920.0,13.8175,603010.csv
2018-05-24,42.58,43.59,43.59,41.57,102677.0,441284928.0,45.39,44.44,47.5,40.89,442122.0,1966421760.0,41.63,603013.csv
2018-11-28,16.41,16.53,16.73,16.21,12924.0,21768212.0,16.76,16.56,16.76,15.88,14703.0,24705148.0,15.765,603016.csv
2018-09-13,8.97,9.03,9.11,8.97,7091.0,6629980.0,9.07,9.04,9.2,8.95,8746.0,8159871.0,8.9025,603017.csv
2017-12-20,12.12,12.14,12.28,12.1,3342.0,9246372.0,12.22,12.21,12.3,12.07,4773.0,13235268.0,12.215,603018.csv
2016-04-12,22.56,22.75,23.0,22.54,19029.0,89269112.0,22.87,22.79,23.3,22.46,21338.0,100600976.0,22.83,603020.csv
2019-07-15,9.98,9.99,10.04,9.95,7818.0,7801688.5,10.03,10.01,10.08,9.81,11993.0,11945948.0,9.7975,603025.csv
2018-01-19,16.91,16.97,17.23,16.91,4471.0,10751252.0,17.07,16.98,17.14,16.89,4920.0,11794051.0,17.227500000000003,603031.csv
2018-05-11,18.47,18.48,18.92,18.21,13283.0,34854788.0,18.69,18.65,19.04,18.11,16038.0,42319512.0,19.095,603031.csv
2017-07-25,35.78,35.84,36.15,35.73,3868.0,16740775.0,36.05,35.87,36.05,34.19,4130.0,17606878.0,36.1875,603032.csv
2019-01-08,26.85,27.26,27.54,26.85,95126.0,258762880.0,27.32,27.27,28.3,26.75,109346.0,302183040.0,26.47,603032.csv
2018-01-17,23.53,23.74,23.9,23.48,6018.0,15153404.0,24.05,23.96,24.05,23.46,6560.0,16581214.0,24.2525,603037.csv
2018-01-17,32.06,32.24,33.14,32.02,3073.0,22030360.0,32.3,32.26,32.65,30.93,3355.0,23476260.0,30.8625,603039.csv
2018-07-09,61.05,62.54,63.55,60.38,5434.0,50298868.0,65.29,62.97,67.74,57.54,10274.0,93547496.0,58.545,603039.csv
2017-08-30,20.27,20.29,20.56,20.21,10482.0,21496228.0,20.47,20.4,20.74,20.2,11254.0,23204044.0,20.8,603058.csv
2017-05-03,13.87,13.89,14.07,13.8,5581.0,23462118.0,13.97,13.93,14.15,13.74,6181.0,26090830.0,13.58,603066.csv
2019-07-15,10.0,10.01,10.05,9.92,7598.0,7591299.0,10.1,10.05,10.14,9.84,10412.0,10407194.0,9.7975,603088.csv
2019-05-30,10.9,10.92,11.05,10.87,8267.0,9141627.0,10.96,10.94,10.97,10.66,9945.0,10864921.0,10.6825,603098.csv
2017-08-08,14.04,14.05,14.06,13.9,5608.0,7934257.0,14.16,14.1,14.16,13.89,8008.0,11356113.0,13.870000000000001,603099.csv
2018-11-27,7.85,7.88,7.97,7.8,7071.0,5717734.0,7.95,7.9,7.99,7.77,9630.0,7779324.5,7.874999999999999,603100.csv
2018-01-31,13.71,13.86,14.23,13.62,134397.0,188037920.0,14.13,13.97,14.28,13.41,178523.0,249115184.0,12.925,603108.csv
2016-09-06,51.51,51.67,52.53,51.48,9236.0,67238384.0,52.0,51.85,52.17,50.18,13839.0,99639528.0,49.677499999999995,603131.csv
2018-11-28,10.41,10.53,10.62,10.36,7548.0,11161634.0,10.64,10.56,10.64,10.29,12439.0,18299582.0,10.3925,603131.csv
2017-11-21,33.19,33.72,33.94,32.52,24924.0,122794984.0,33.92,33.82,34.28,32.45,27905.0,137565792.0,33.6425,603136.csv
2018-12-13,12.86,12.99,13.12,12.86,8150.0,14940957.0,13.14,13.09,13.24,12.84,10783.0,19899394.0,12.52,603138.csv
2019-01-03,27.65,27.66,27.8,27.54,4499.0,18763240.0,27.78,27.69,27.78,27.27,7183.0,29857846.0,27.725,603156.csv
2016-03-08,18.94,19.19,19.49,18.78,8371.0,30446758.0,19.28,19.21,19.28,18.46,9398.0,33606140.0,18.9,603168.csv
2019-05-30,9.44,9.52,9.59,9.44,8921.0,8560612.0,9.64,9.59,9.64,9.4,8929.0,8537436.0,9.4,603178.csv
2018-12-13,15.95,16.07,16.28,15.95,4458.0,7394118.5,16.26,16.1,16.28,15.85,6949.0,11555141.0,15.204999999999998,603179.csv
2017-07-26,71.9,72.15,72.79,71.71,5111.0,37393784.0,72.3,72.24,72.6,70.57,5188.0,37824112.0,73.69999999999999,603180.csv
2018-05-28,27.08,27.22,27.78,26.78,22651.0,86671504.0,28.01,27.54,28.35,26.71,36043.0,140518768.0,26.207500000000003,603183.csv
2017-07-04,42.08,42.19,42.5,41.56,19649.0,83022832.0,42.58,42.55,42.98,41.5,19678.0,83884480.0,41.66,603186.csv
2017-03-02,37.96,38.06,38.26,37.85,5481.0,21117252.0,38.2,38.11,38.2,37.79,6233.0,23951204.0,38.1575,603199.csv
2019-06-28,21.87,22.18,22.42,21.87,12644.0,28268414.0,22.35,22.23,22.95,21.75,19394.0,43364760.0,22.1175,603199.csv
2018-01-08,29.99,30.07,30.26,29.83,4562.0,18112860.0,30.28,30.16,30.28,29.35,5761.0,22713464.0,29.604999999999997,603203.csv
2019-05-16,21.7,21.72,21.88,21.66,3450.0,7609733.5,21.8,21.78,21.9,21.52,3709.0,8161801.5,20.935000000000002,603203.csv
2017-12-11,36.19,36.39,37.14,36.14,8323.0,44069596.0,36.82,36.42,36.89,35.93,15015.0,78398640.0,34.022499999999994,603228.csv
2018-01-03,32.12,32.19,32.31,31.97,4795.0,15601872.0,32.37,32.2,32.37,31.76,7051.0,22917702.0,32.0325,603258.csv
2018-05-15,51.66,51.92,52.89,51.41,43401.0,319935488.0,52.04,52.02,52.59,50.63,51574.0,376624608.0,52.14,603260.csv
2017-11-29,23.75,23.98,24.05,23.7,8031.0,19282874.0,24.12,24.01,24.42,23.65,12067.0,28954610.0,23.0,603269.csv
2018-11-05,14.57,14.73,14.82,14.54,13236.0,19505404.0,14.97,14.83,15.16,14.45,17615.0,26320456.0,14.4775,603286.csv
2019-03-01,14.93,14.98,15.06,14.88,13887.0,20889956.0,15.08,15.06,15.27,14.83,23523.0,35554224.0,15.512500000000001,603286.csv
2016-09-06,17.67,17.68,18.09,17.64,46890.0,84492824.0,17.72,17.71,17.72,17.23,55816.0,98568368.0,17.2575,603299.csv
2016-03-08,27.57,28.54,28.97,27.57,12644.0,36112088.0,28.92,28.55,28.96,26.98,13732.0,38413444.0,27.157500000000002,603300.csv
2018-12-06,5.5,5.53,5.57,5.48,32836.0,18133972.0,5.55,5.54,5.56,5.4,47832.0,26189462.0,5.32,603300.csv
2018-05-25,18.56,18.68,18.79,18.5,6128.0,11743453.0,18.78,18.73,18.8,18.36,8568.0,16369807.0,17.4975,603306.csv
2018-11-02,14.16,14.28,14.68,14.08,20325.0,38958244.0,14.73,14.31,14.92,13.83,27168.0,51597208.0,14.43,603313.csv
2016-06-28,53.97,54.98,56.32,53.97,52555.0,290956608.0,55.47,55.35,56.72,53.57,56518.0,310197856.0,17.6975,603318.csv
2018-09-13,5.55,5.58,5.63,5.54,62597.0,39118908.0,5.63,5.6,5.65,5.5,94387.0,58721804.0,5.467499999999999,603323.csv
2017-12-25,8.15,8.22,8.27,8.15,15614.0,16699193.0,8.28,8.23,8.28,7.99,22932.0,24347908.0,8.450000000000001,603335.csv
2019-05-15,6.51,6.86,6.86,6.51,417784.0,282804160.0,7.0,6.99,7.28,6.31,794955.0,544037440.0,6.2125,603335.csv
2017-11-06,14.45,14.48,14.62,14.31,7055.0,17487920.0,14.63,14.58,14.63,14.12,8361.0,20700022.0,14.745,603336.csv
2017-08-17,25.93,26.05,26.22,25.88,22038.0,58196216.0,26.14,26.08,26.19,25.68,24000.0,63221852.0,25.415,603339.csv
2018-11-28,21.6,21.65,21.87,21.33,19873.0,42928292.0,21.77,21.73,21.78,20.96,26492.0,56772492.0,21.185000000000002,603348.csv
2019-07-15,18.89,18.95,19.1,18.75,9149.0,17334088.0,19.0,18.97,19.14,18.55,13557.0,25522372.0,18.8975,603348.csv
2018-08-17,19.5,19.73,20.1,19.45,6700.0,13375091.0,20.04,19.78,20.09,19.4,8190.0,16239573.0,19.662499999999998,603359.csv
2019-03-13,14.75,14.89,15.13,14.65,55180.0,83419264.0,15.08,15.05,15.13,14.64,57767.0,87467816.0,14.9225,603377.csv
2017-08-21,28.24,28.36,28.53,28.06,11364.0,45379172.0,28.53,28.41,28.98,27.85,14095.0,56358936.0,27.19,603388.csv
2018-06-04,21.06,21.34,21.65,20.84,15068.0,32529760.0,21.76,21.75,22.15,20.65,17146.0,37894856.0,21.1025,603421.csv
2017-08-01,14.72,14.73,14.83,14.66,16136.0,24095696.0,14.77,14.74,14.78,14.5,19414.0,28810016.0,14.585,603488.csv
2019-05-31,24.64,24.69,25.0,24.11,10912.0,37666680.0,24.79,24.71,25.27,23.84,16141.0,55551224.0,21.9925,603499.csv
2018-03-09,23.4,23.51,23.77,23.21,57828.0,136854896.0,23.58,23.52,23.6,22.82,73830.0,172808080.0,23.235,603505.csv
2018-12-13,16.69,16.76,16.89,16.66,3389.0,5740430.5,16.89,16.77,16.91,16.62,4390.0,7438315.5,17.752499999999998,603507.csv
2016-06-30,20.54,20.63,20.9,20.37,34634.0,102819792.0,20.72,20.67,20.81,20.14,34746.0,101396712.0,20.11,603518.csv
2018-04-18,14.96,15.04,15.29,14.89,6147.0,13303002.0,15.2,15.06,15.21,14.43,11018.0,23343810.0,14.2275,603518.csv
2018-11-05,8.08,8.19,8.21,8.08,21322.0,17669166.0,8.24,8.21,8.34,8.05,23341.0,19435808.0,8.084999999999999,603536.csv
2019-06-20,9.55,9.58,9.74,9.45,8560.0,8195050.5,9.69,9.59,9.69,9.44,11471.0,10950934.0,9.47,603536.csv
2018-01-17,25.58,25.69,26.07,25.58,2900.0,7555059.0,25.79,25.78,26.04,25.51,3116.0,8093219.0,25.472499999999997,603538.csv
2018-05-10,25.45,25.5,26.08,25.34,16629.0,43149700.0,25.55,25.54,25.8,25.25,17861.0,46048260.0,25.275,603555.csv
2018-02-07,16.25,16.29,16.67,15.95,39748.0,65138152.0,16.74,16.35,16.74,14.84,51287.0,83095472.0,15.817499999999999,603557.csv
2019-07-29,12.32,12.37,12.5,12.32,5606.0,6951968.0,12.48,12.44,12.48,11.33,7017.0,8632290.0,12.5275,603566.csv
2016-07-21,22.87,22.96,23.21,22.87,28883.0,68079000.0,23.09,22.97,23.2,22.78,34793.0,81966968.0,22.1325,603567.csv
2019-01-14,11.84,11.86,11.94,11.84,5564.0,6697392.5,11.89,11.87,11.96,11.81,6220.0,7490821.0,11.79,603567.csv
2019-07-26,12.25,12.3,12.37,12.25,3868.0,4759314.0,12.35,12.34,12.38,12.23,4441.0,5464298.5,12.1975,603567.csv
2019-06-27,21.84,22.03,22.15,21.73,42297.0,92921800.0,22.05,22.04,22.34,21.56,45809.0,100712976.0,21.6575,603568.csv
2017-08-31,21.52,21.59,21.89,21.52,11430.0,35044508.0,21.64,21.62,21.76,21.41,12084.0,36867056.0,21.424999999999997,603569.csv
2019-07-22,11.14,11.18,11.38,11.14,6067.0,6817930.5,11.3,11.2,11.36,10.5,14332.0,15899859.0,10.942499999999999,603569.csv
2019-07-05,12.11,12.13,12.28,12.05,12970.0,15769419.0,12.16,12.14,12.19,11.91,14911.0,17960036.0,11.3325,603577.csv
2018-11-08,18.37,18.39,18.72,18.35,4694.0,8777761.0,18.59,18.5,18.65,18.2,5654.0,10546262.0,18.9625,603578.csv
2019-03-22,50.39,50.98,52.48,50.04,42023.0,221010064.0,51.5,51.0,52.15,49.95,50913.0,267302240.0,48.98,603589.csv
2019-05-27,56.7,57.29,58.46,56.7,28567.0,168502096.0,57.5,57.34,57.89,55.36,43048.0,249048736.0,56.7175,603589.csv
2017-12-14,18.2,18.25,18.6,18.0,25761.0,47909288.0,18.42,18.4,18.47,17.89,36847.0,68195528.0,18.324999999999996,603599.csv
2017-11-29,46.3,47.08,47.56,46.3,28340.0,133954504.0,47.68,47.54,48.78,45.35,47010.0,223891408.0,43.295,603607.csv
2017-12-14,10.05,10.1,10.15,10.0,7903.0,8367871.5,10.15,10.14,10.18,9.98,12108.0,12802101.0,10.6025,603608.csv
2018-03-15,8.8,8.89,8.91,8.78,30004.0,27464030.0,8.97,8.92,9.07,8.74,41402.0,38146204.0,8.7075,603609.csv
2018-01-03,13.51,13.52,13.75,13.41,10184.0,14208654.0,13.59,13.57,13.72,13.35,14903.0,20772686.0,13.275000000000002,603615.csv
2018-01-16,18.06,18.16,18.34,17.85,13934.0,35449992.0,18.39,18.34,19.05,17.0,92781.0,235788704.0,15.76,603617.csv
2019-07-18,24.84,24.93,25.25,24.77,8418.0,20981232.0,25.1,25.0,25.14,24.25,24157.0,59891408.0,24.43,603638.csv
2018-01-22,21.02,21.04,21.49,20.78,3942.0,11813211.0,21.24,21.13,21.27,20.59,4965.0,14751880.0,20.87,603656.csv
2019-05-22,16.27,16.41,16.43,16.21,2377.0,3888055.0,16.46,16.44,16.79,16.18,3656.0,6030018.0,16.1025,603656.csv
2018-03-09,48.74,48.79,49.23,47.99,6236.0,31372358.0,48.97,48.82,49.05,47.52,13350.0,66783380.0,47.91,603658.csv
2019-01-04,45.25,45.6,46.87,45.25,15856.0,74430672.0,45.9,45.7,46.64,44.84,22228.0,103128120.0,45.8,603658.csv
2019-03-22,54.79,55.75,56.56,54.59,21937.0,123314808.0,56.05,55.82,57.09,54.08,22071.0,123269928.0,53.192499999999995,603659.csv
2019-03-04,13.66,13.84,13.92,13.55,12011.0,23295310.0,13.99,13.89,14.11,13.54,22192.0,43558288.0,13.6975,603663.csv
2016-04-07,14.42,14.52,14.64,14.3,20823.0,61572848.0,14.67,14.57,14.82,14.21,35611.0,106183456.0,14.61,603669.csv
2019-03-08,35.3,35.33,35.33,33.9,22654.0,80042560.0,37.9,35.67,38.3,31.79,79792.0,288884544.0,35.707499999999996,603679.csv
2019-07-25,11.31,11.4,11.49,11.31,6191.0,7080022.5,11.54,11.41,11.54,11.28,7428.0,8464218.0,11.364999999999998,603680.csv
2018-09-10,11.52,11.58,11.73,11.46,7267.0,11151381.0,11.79,11.75,12.02,11.45,12525.0,19403940.0,11.76,603685.csv
2017-03-13,13.9,13.95,14.01,13.85,12750.0,27082526.0,14.01,13.97,14.01,13.57,16244.0,34260924.0,13.9825,603688.csv
2016-05-12,14.98,15.0,15.21,14.87,14293.0,23283926.0,15.54,15.47,15.54,14.86,29528.0,49040132.0,14.8575,603699.csv
2018-06-01,18.94,19.1,19.18,18.94,17350.0,34496136.0,19.16,19.13,19.17,18.91,17902.0,35619968.0,19.284999999999997,603699.csv
2016-12-21,35.95,35.98,36.54,35.48,14265.0,51452768.0,36.41,36.28,36.48,35.41,22048.0,79369320.0,35.809999999999995,603703.csv
2018-08-07,17.46,17.47,17.81,17.22,11086.0,25347010.0,17.65,17.62,17.65,16.99,22537.0,51203548.0,16.875,603707.csv
2019-04-22,24.89,24.96,25.39,24.88,23003.0,75042944.0,25.23,25.12,25.9,24.79,42964.0,141699024.0,24.5375,603707.csv
2018-08-15,15.92,16.18,16.23,15.73,11668.0,24936714.0,16.88,16.21,17.02,15.62,41057.0,89289312.0,15.505,603708.csv
2017-04-14,15.33,15.42,15.86,15.33,31363.0,48990916.0,15.47,15.43,15.74,15.26,69806.0,109309056.0,14.020000000000001,603718.csv
2017-09-18,18.09,18.13,18.26,17.95,5012.0,18425108.0,18.19,18.18,18.21,17.76,6952.0,25374410.0,18.0275,603726.csv
2018-10-17,14.28,14.3,14.48,14.11,12745.0,18207276.0,14.8,14.4,14.8,13.85,17034.0,24535786.0,14.1425,603729.csv
2019-03-13,27.8,28.4,28.4,27.21,39278.0,110491328.0,30.5,29.84,31.0,26.6,124120.0,360947712.0,23.8825,603729.csv
2019-05-22,17.35,17.36,17.76,17.16,16512.0,28865580.0,17.62,17.49,17.85,16.93,22703.0,39525064.0,16.357499999999998,603729.csv
2019-05-30,4.19,4.22,4.27,4.18,74922.0,31792542.0,4.24,4.23,4.25,4.16,89204.0,37469396.0,4.0125,603766.csv
2018-09-07,7.21,7.23,7.3,7.19,9762.0,7207717.0,7.3,7.28,7.33,7.18,11262.0,8364108.0,7.19,603767.csv
2016-12-01,22.79,22.81,23.01,22.69,16482.0,49044552.0,22.94,22.82,22.94,22.63,20354.0,60399176.0,22.27,603789.csv
2017-08-16,15.02,15.16,15.19,15.02,12622.0,24787100.0,15.26,15.22,15.26,15.0,14638.0,28816000.0,15.110000000000001,603789.csv
2018-12-13,12.62,12.67,12.91,12.6,22106.0,28275816.0,12.9,12.69,12.91,12.58,33545.0,42801372.0,12.21,603789.csv
2017-01-13,32.83,32.94,33.15,32.82,7813.0,35289080.0,33.02,32.97,33.13,31.39,22674.0,100363384.0,32.3575,603806.csv
2019-03-18,20.02,20.15,20.32,19.91,13362.0,27092980.0,20.31,20.29,20.36,19.86,13474.0,27335008.0,19.995,603813.csv
2019-07-31,17.98,18.0,18.19,17.73,5800.0,10464766.0,18.17,18.03,18.21,17.71,6458.0,11651262.0,17.1,603813.csv
2018-05-28,49.84,50.47,51.13,49.84,16256.0,119079448.0,50.82,50.74,51.52,49.76,17148.0,125466904.0,50.045,603816.csv
2017-08-08,37.56,37.6,37.84,37.37,6050.0,23002636.0,37.62,37.61,37.71,37.05,7573.0,28616120.0,36.330000000000005,603822.csv
2018-07-26,11.32,11.39,11.5,11.32,24504.0,28256902.0,11.46,11.41,11.67,11.28,32072.0,37187816.0,11.467500000000001,603826.csv
2018-05-10,139.69,139.87,141.3,139.69,3758.0,52899684.0,141.01,140.4,141.01,139.28,5233.0,73709424.0,142.3525,603833.csv
2017-07-06,13.75,13.82,13.86,13.67,18326.0,25464780.0,13.86,13.84,14.1,13.63,24505.0,34156480.0,13.19,603838.csv
2018-06-28,8.1,8.11,8.15,8.04,20004.0,22802424.0,8.13,8.12,8.13,8.03,27909.0,31755872.0,8.0075,603843.csv
2017-05-03,45.29,45.43,45.72,45.29,8181.0,65870800.0,45.5,45.45,45.71,45.2,8549.0,68827376.0,43.8425,603858.csv
2018-10-30,14.51,14.8,15.14,14.51,4484.0,6694423.0,14.96,14.87,15.04,14.49,6277.0,9360918.0,15.204999999999998,603859.csv
2018-02-23,13.55,13.77,14.15,13.55,6830.0,9564363.0,14.07,13.89,14.07,13.41,8217.0,11498569.0,13.9225,603861.csv
2019-05-27,9.87,9.88,10.01,9.8,5711.0,5722523.5,10.07,10.01,10.07,9.77,7753.0,7806539.5,9.9525,603861.csv
2017-04-19,28.21,28.51,28.79,28.21,3728.0,15897205.0,28.99,28.68,28.99,28.12,6793.0,28932056.0,28.580000000000002,603866.csv
2018-09-13,27.36,27.39,27.51,27.17,4626.0,17948668.0,27.57,27.52,27.82,27.0,5622.0,21877224.0,26.2575,603871.csv
2019-01-21,16.66,16.83,17.05,16.66,5865.0,10477818.0,17.08,16.96,17.15,16.56,6295.0,11305429.0,16.295,603877.csv
2018-09-13,12.03,12.06,12.13,11.92,21167.0,25419670.0,12.2,12.14,12.34,11.91,32698.0,39535444.0,12.1375,603885.csv
2019-03-29,20.65,20.8,21.39,20.5,33467.0,71581392.0,20.9,20.81,21.08,20.16,46413.0,97912496.0,21.105,603898.csv
2019-02-13,12.1,12.12,12.6,11.96,53832.0,69335192.0,12.17,12.13,12.62,11.92,75909.0,96877856.0,11.922500000000001,603900.csv
2019-03-20,8.1,8.14,8.2,8.08,42639.0,34947948.0,8.28,8.18,8.28,8.0,47484.0,39129492.0,8.0,603901.csv
2018-01-17,31.02,31.16,31.52,31.02,1871.0,5895396.0,31.64,31.54,31.88,30.86,3279.0,10406076.0,31.650000000000002,603909.csv
2018-09-13,11.35,11.43,11.58,11.32,9438.0,14160913.0,11.57,11.48,11.64,11.16,11422.0,17039788.0,10.9475,603918.csv
2018-05-28,15.46,15.75,15.94,15.46,53240.0,86111768.0,15.91,15.8,16.06,15.06,54199.0,87276560.0,14.557500000000001,603920.csv
2018-10-17,16.41,16.47,16.88,16.13,20816.0,34842008.0,16.75,16.74,17.05,15.62,38177.0,63769596.0,15.72,603929.csv
2017-11-29,35.92,36.5,36.72,35.92,14656.0,69458704.0,36.68,36.53,37.46,35.38,17823.0,85029720.0,34.0925,603955.csv
2017-10-30,17.18,17.3,17.99,17.05,21027.0,72508128.0,17.49,17.34,17.59,16.29,28323.0,95436128.0,17.052500000000002,603959.csv
2018-06-05,15.22,15.31,15.65,15.22,3596.0,10917593.0,15.59,15.53,15.59,15.14,6379.0,19338206.0,15.5975,603959.csv
2018-08-07,12.64,12.65,12.89,12.35,6736.0,11916688.0,12.7,12.69,12.77,12.3,9577.0,16896240.0,11.969999999999999,603959.csv
2016-08-17,26.57,27.15,27.52,26.57,75122.0,213448352.0,27.36,27.34,27.41,26.56,79605.0,225448848.0,25.9775,603968.csv
2016-08-31,14.32,14.37,14.44,14.32,15765.0,29769914.0,14.41,14.38,14.44,14.23,17048.0,32108544.0,14.094999999999999,603979.csv
2019-03-01,90.94,91.72,94.6,90.9,49614.0,461513184.0,93.22,91.93,93.97,89.58,50848.0,465450432.0,98.635,603986.csv
2016-05-24,15.21,15.24,15.34,15.12,22219.0,103374656.0,15.35,15.25,15.49,15.05,25633.0,119733480.0,15.004999999999999,603988.csv
2018-04-18,14.4,14.47,14.99,14.39,9082.0,26609122.0,14.67,14.5,14.67,14.08,11078.0,32018704.0,13.695,603988.csv
2018-03-05,24.31,24.35,24.64,24.31,1379.0,4793493.0,24.63,24.45,24.63,23.99,2156.0,7415912.0,24.300000000000004,603990.csv
2018-06-21,22.42,22.78,23.04,22.01,2968.0,6765457.0,23.09,22.79,23.49,21.29,4435.0,9924151.0,22.0125,603991.csv
2018-11-05,17.64,17.83,17.91,17.64,5705.0,10250625.0,18.0,17.93,18.29,17.53,6425.0,11587054.0,17.5975,603991.csv
